SIMFIT RESULTS
==============

Dataset : D:\OneDrive - NTNU\NMR_data\data\800\nmr/fractions/47/pdata/1/ct1t2.txt

AREA fit : Diffusion : Variable Gradient :

I=I[0]*exp(-D*SQR(2*PI*gamma*Gi*LD)*(BD-LD/3)*1e4)

30 points for Integral 1,  Integral Region from 0.984 to 0.929 ppm

Converged after 50 iterations!

Results     Comp. 1    

I[0]           =   2.667e-01  
Diff Con.      =   1.315e-10 m2/s
Gamma          =   4.258e+03 Hz/G
Little Delta   =      2.000m
Big Delta      =    149.900m

RSS   =    1.865e-03
SD    =    7.885e-03

Point     Gradient       Expt          Calc       Difference

    1    2.408e+00     2.766e-01     2.659e-01   -1.068e-02
    2    3.805e+00     2.276e-01     2.646e-01    3.694e-02
    3    5.203e+00     2.751e-01     2.627e-01   -1.236e-02
    4    6.601e+00     2.706e-01     2.603e-01   -1.031e-02
    5    1.080e+01     2.565e-01     2.498e-01   -6.659e-03
    6    1.219e+01     2.488e-01     2.454e-01   -3.484e-03
    7    1.359e+01     2.418e-01     2.404e-01   -1.336e-03
    8    1.499e+01     2.348e-01     2.351e-01    3.336e-04
    9    1.639e+01     2.323e-01     2.294e-01   -2.900e-03
   10    1.778e+01     2.214e-01     2.233e-01    1.890e-03
   11    1.918e+01     2.162e-01     2.169e-01    7.214e-04
   12    2.058e+01     2.076e-01     2.103e-01    2.605e-03
   13    2.198e+01     2.008e-01     2.033e-01    2.589e-03
   14    2.338e+01     1.976e-01     1.962e-01   -1.351e-03
   15    2.477e+01     1.887e-01     1.889e-01    2.424e-04
   16    2.617e+01     1.798e-01     1.815e-01    1.711e-03
   17    2.757e+01     1.719e-01     1.740e-01    2.151e-03
   18    2.897e+01     1.640e-01     1.665e-01    2.508e-03
   19    3.037e+01     1.577e-01     1.589e-01    1.233e-03
   20    3.176e+01     1.500e-01     1.513e-01    1.298e-03
   21    3.316e+01     1.431e-01     1.438e-01    7.041e-04
   22    3.456e+01     1.346e-01     1.364e-01    1.729e-03
   23    3.596e+01     1.284e-01     1.290e-01    6.014e-04
   24    3.735e+01     1.218e-01     1.218e-01   -1.524e-05
   25    3.875e+01     1.168e-01     1.147e-01   -2.055e-03
   26    4.015e+01     1.090e-01     1.078e-01   -1.182e-03
   27    4.155e+01     1.010e-01     1.011e-01    9.046e-05
   28    4.295e+01     9.647e-02     9.463e-02   -1.838e-03
   29    4.435e+01     8.999e-02     8.836e-02   -1.636e-03
   30    4.574e+01     8.529e-02     8.232e-02   -2.972e-03

============================================================


32 points for Integral 2,  Integral Region from 0.842 to 0.797 ppm

Converged after 40 iterations!

Results     Comp. 1    

I[0]           =   5.934e-01  
Diff Con.      =   1.188e-10 m2/s
Gamma          =   4.258e+03 Hz/G
Little Delta   =      2.000m
Big Delta      =    149.900m

RSS   =    1.158e-02
SD    =    1.902e-02

Point     Gradient       Expt          Calc       Difference

    1    2.408e+00     6.165e-01     5.917e-01   -2.484e-02
    2    3.805e+00     5.757e-01     5.891e-01    1.338e-02
    3    5.203e+00     6.107e-01     5.853e-01   -2.538e-02
    4    6.601e+00     6.027e-01     5.805e-01   -2.223e-02
    5    7.999e+00     5.378e-01     5.745e-01    3.670e-02
    6    9.397e+00     4.811e-01     5.674e-01    8.634e-02
    7    1.080e+01     5.759e-01     5.594e-01   -1.655e-02
    8    1.219e+01     5.640e-01     5.503e-01   -1.366e-02
    9    1.359e+01     5.514e-01     5.403e-01   -1.110e-02
   10    1.499e+01     5.378e-01     5.295e-01   -8.347e-03
   11    1.639e+01     5.271e-01     5.178e-01   -9.304e-03
   12    1.778e+01     5.106e-01     5.054e-01   -5.167e-03
   13    1.918e+01     4.971e-01     4.923e-01   -4.804e-03
   14    2.058e+01     4.812e-01     4.786e-01   -2.544e-03
   15    2.198e+01     4.651e-01     4.644e-01   -7.186e-04
   16    2.338e+01     4.534e-01     4.497e-01   -3.765e-03
   17    2.477e+01     4.336e-01     4.346e-01    9.201e-04
   18    2.617e+01     4.180e-01     4.191e-01    1.121e-03
   19    2.757e+01     4.013e-01     4.034e-01    2.126e-03
   20    2.897e+01     3.859e-01     3.876e-01    1.686e-03
   21    3.037e+01     3.706e-01     3.716e-01    9.456e-04
   22    3.176e+01     3.543e-01     3.556e-01    1.286e-03
   23    3.316e+01     3.376e-01     3.396e-01    1.904e-03
   24    3.456e+01     3.226e-01     3.236e-01    9.866e-04
   25    3.596e+01     3.077e-01     3.078e-01    1.005e-04
   26    3.735e+01     2.902e-01     2.922e-01    1.961e-03
   27    3.875e+01     2.753e-01     2.768e-01    1.536e-03
   28    4.015e+01     2.609e-01     2.618e-01    8.542e-04
   29    4.155e+01     2.462e-01     2.470e-01    8.395e-04
   30    4.295e+01     2.335e-01     2.326e-01   -9.051e-04
   31    4.435e+01     2.202e-01     2.187e-01   -1.581e-03
   32    4.574e+01     2.066e-01     2.051e-01   -1.522e-03

============================================================


32 points for Integral 3,  Integral Region from 0.795 to 0.762 ppm

Converged after 52 iterations!

Results     Comp. 1    

I[0]           =   4.519e-01  
Diff Con.      =   1.190e-10 m2/s
Gamma          =   4.258e+03 Hz/G
Little Delta   =      2.000m
Big Delta      =    149.900m

RSS   =    6.126e-03
SD    =    1.384e-02

Point     Gradient       Expt          Calc       Difference

    1    2.408e+00     4.690e-01     4.506e-01   -1.843e-02
    2    3.805e+00     4.400e-01     4.486e-01    8.553e-03
    3    5.203e+00     4.647e-01     4.457e-01   -1.898e-02
    4    6.601e+00     4.579e-01     4.420e-01   -1.587e-02
    5    7.999e+00     4.126e-01     4.374e-01    2.485e-02
    6    9.397e+00     3.681e-01     4.321e-01    6.392e-02
    7    1.080e+01     4.372e-01     4.259e-01   -1.129e-02
    8    1.219e+01     4.285e-01     4.190e-01   -9.554e-03
    9    1.359e+01     4.193e-01     4.114e-01   -7.909e-03
   10    1.499e+01     4.089e-01     4.031e-01   -5.836e-03
   11    1.639e+01     4.004e-01     3.942e-01   -6.147e-03
   12    1.778e+01     3.876e-01     3.848e-01   -2.866e-03
   13    1.918e+01     3.779e-01     3.748e-01   -3.142e-03
   14    2.058e+01     3.658e-01     3.643e-01   -1.413e-03
   15    2.198e+01     3.539e-01     3.535e-01   -4.216e-04
   16    2.338e+01     3.454e-01     3.423e-01   -3.113e-03
   17    2.477e+01     3.308e-01     3.308e-01   -4.964e-05
   18    2.617e+01     3.179e-01     3.190e-01    1.102e-03
   19    2.757e+01     3.065e-01     3.070e-01    5.120e-04
   20    2.897e+01     2.931e-01     2.949e-01    1.843e-03
   21    3.037e+01     2.813e-01     2.828e-01    1.429e-03
   22    3.176e+01     2.701e-01     2.706e-01    4.684e-04
   23    3.316e+01     2.568e-01     2.584e-01    1.523e-03
   24    3.456e+01     2.459e-01     2.462e-01    2.701e-04
   25    3.596e+01     2.331e-01     2.342e-01    1.039e-03
   26    3.735e+01     2.214e-01     2.223e-01    9.044e-04
   27    3.875e+01     2.104e-01     2.106e-01    1.915e-04
   28    4.015e+01     1.982e-01     1.991e-01    8.440e-04
   29    4.155e+01     1.877e-01     1.879e-01    1.460e-04
   30    4.295e+01     1.779e-01     1.769e-01   -9.686e-04
   31    4.435e+01     1.666e-01     1.663e-01   -3.791e-04
   32    4.574e+01     1.571e-01     1.560e-01   -1.137e-03

============================================================


32 points for Integral 4,  Integral Region from 0.762 to 0.686 ppm

Converged after 49 iterations!

Results     Comp. 1    

I[0]           =   9.083e-01  
Diff Con.      =   1.161e-10 m2/s
Gamma          =   4.258e+03 Hz/G
Little Delta   =      2.000m
Big Delta      =    149.900m

RSS   =    2.943e-02
SD    =    3.032e-02

Point     Gradient       Expt          Calc       Difference

    1    2.408e+00     9.478e-01     9.057e-01   -4.217e-02
    2    3.805e+00     8.831e-01     9.018e-01    1.866e-02
    3    5.203e+00     9.349e-01     8.962e-01   -3.869e-02
    4    6.601e+00     9.234e-01     8.889e-01   -3.456e-02
    5    7.999e+00     8.246e-01     8.799e-01    5.528e-02
    6    9.397e+00     7.292e-01     8.694e-01    1.402e-01
    7    1.080e+01     8.829e-01     8.573e-01   -2.558e-02
    8    1.219e+01     8.656e-01     8.437e-01   -2.183e-02
    9    1.359e+01     8.428e-01     8.288e-01   -1.402e-02
   10    1.499e+01     8.233e-01     8.125e-01   -1.079e-02
   11    1.639e+01     8.102e-01     7.950e-01   -1.522e-02
   12    1.778e+01     7.829e-01     7.764e-01   -6.435e-03
   13    1.918e+01     7.637e-01     7.568e-01   -6.914e-03
   14    2.058e+01     7.394e-01     7.362e-01   -3.228e-03
   15    2.198e+01     7.165e-01     7.148e-01   -1.756e-03
   16    2.338e+01     7.000e-01     6.927e-01   -7.389e-03
   17    2.477e+01     6.713e-01     6.699e-01   -1.343e-03
   18    2.617e+01     6.477e-01     6.467e-01   -1.024e-03
   19    2.757e+01     6.219e-01     6.230e-01    1.109e-03
   20    2.897e+01     5.969e-01     5.991e-01    2.207e-03
   21    3.037e+01     5.735e-01     5.749e-01    1.441e-03
   22    3.176e+01     5.465e-01     5.507e-01    4.236e-03
   23    3.316e+01     5.256e-01     5.264e-01    8.355e-04
   24    3.456e+01     4.983e-01     5.023e-01    3.966e-03
   25    3.596e+01     4.747e-01     4.783e-01    3.643e-03
   26    3.735e+01     4.546e-01     4.546e-01    4.288e-05
   27    3.875e+01     4.313e-01     4.313e-01   -3.290e-05
   28    4.015e+01     4.057e-01     4.083e-01    2.545e-03
   29    4.155e+01     3.859e-01     3.858e-01   -8.813e-05
   30    4.295e+01     3.647e-01     3.639e-01   -8.484e-04
   31    4.435e+01     3.423e-01     3.425e-01    1.794e-04
   32    4.574e+01     3.233e-01     3.217e-01   -1.566e-03

============================================================


31 points for Integral 5,  Integral Region from 0.681 to 0.578 ppm

Converged after 46 iterations!

Results     Comp. 1    

I[0]           =   9.723e-01  
Diff Con.      =   1.157e-10 m2/s
Gamma          =   4.258e+03 Hz/G
Little Delta   =      2.000m
Big Delta      =    149.900m

RSS   =    1.306e-02
SD    =    2.053e-02

Point     Gradient       Expt          Calc       Difference

    1    2.408e+00     1.000e+00     9.695e-01   -3.051e-02
    2    3.805e+00     9.193e-01     9.653e-01    4.605e-02
    3    5.203e+00     9.880e-01     9.593e-01   -2.865e-02
    4    6.601e+00     9.764e-01     9.516e-01   -2.489e-02
    5    7.999e+00     8.543e-01     9.420e-01    8.766e-02
    6    1.080e+01     9.371e-01     9.179e-01   -1.928e-02
    7    1.219e+01     9.188e-01     9.034e-01   -1.544e-02
    8    1.359e+01     8.953e-01     8.874e-01   -7.873e-03
    9    1.499e+01     8.739e-01     8.701e-01   -3.808e-03
   10    1.639e+01     8.601e-01     8.514e-01   -8.675e-03
   11    1.778e+01     8.332e-01     8.316e-01   -1.600e-03
   12    1.918e+01     8.140e-01     8.106e-01   -3.413e-03
   13    2.058e+01     7.887e-01     7.886e-01   -3.098e-05
   14    2.198e+01     7.635e-01     7.658e-01    2.325e-03
   15    2.338e+01     7.480e-01     7.422e-01   -5.834e-03
   16    2.477e+01     7.187e-01     7.179e-01   -8.258e-04
   17    2.617e+01     6.905e-01     6.930e-01    2.570e-03
   18    2.757e+01     6.653e-01     6.678e-01    2.506e-03
   19    2.897e+01     6.389e-01     6.422e-01    3.250e-03
   20    3.037e+01     6.133e-01     6.164e-01    3.139e-03
   21    3.176e+01     5.880e-01     5.905e-01    2.475e-03
   22    3.316e+01     5.615e-01     5.646e-01    3.086e-03
   23    3.456e+01     5.365e-01     5.388e-01    2.262e-03
   24    3.596e+01     5.119e-01     5.132e-01    1.240e-03
   25    3.735e+01     4.879e-01     4.878e-01   -7.544e-05
   26    3.875e+01     4.641e-01     4.628e-01   -1.302e-03
   27    4.015e+01     4.370e-01     4.383e-01    1.318e-03
   28    4.155e+01     4.149e-01     4.142e-01   -6.617e-04
   29    4.295e+01     3.916e-01     3.907e-01   -9.189e-04
   30    4.435e+01     3.704e-01     3.679e-01   -2.551e-03
   31    4.574e+01     3.474e-01     3.457e-01   -1.703e-03

============================================================


31 points for Integral 6,  Integral Region from 0.578 to 0.504 ppm

Converged after 48 iterations!

Results     Comp. 1    

I[0]           =   5.125e-01  
Diff Con.      =   1.124e-10 m2/s
Gamma          =   4.258e+03 Hz/G
Little Delta   =      2.000m
Big Delta      =    149.900m

RSS   =    6.346e-03
SD    =    1.431e-02

Point     Gradient       Expt          Calc       Difference

    1    2.408e+00     5.263e-01     5.111e-01   -1.517e-02
    2    3.805e+00     4.710e-01     5.090e-01    3.792e-02
    3    5.203e+00     5.220e-01     5.059e-01   -1.613e-02
    4    6.601e+00     5.155e-01     5.019e-01   -1.357e-02
    5    7.999e+00     4.371e-01     4.970e-01    5.990e-02
    6    1.080e+01     4.986e-01     4.846e-01   -1.393e-02
    7    1.219e+01     4.896e-01     4.772e-01   -1.241e-02
    8    1.359e+01     4.762e-01     4.690e-01   -7.159e-03
    9    1.499e+01     4.641e-01     4.601e-01   -4.039e-03
   10    1.639e+01     4.605e-01     4.505e-01   -1.003e-02
   11    1.778e+01     4.435e-01     4.403e-01   -3.168e-03
   12    1.918e+01     4.349e-01     4.295e-01   -5.370e-03
   13    2.058e+01     4.193e-01     4.182e-01   -1.100e-03
   14    2.198e+01     4.077e-01     4.064e-01   -1.290e-03
   15    2.338e+01     4.013e-01     3.942e-01   -7.023e-03
   16    2.477e+01     3.841e-01     3.817e-01   -2.375e-03
   17    2.617e+01     3.694e-01     3.689e-01   -5.528e-04
   18    2.757e+01     3.546e-01     3.558e-01    1.160e-03
   19    2.897e+01     3.408e-01     3.425e-01    1.744e-03
   20    3.037e+01     3.283e-01     3.292e-01    8.290e-04
   21    3.176e+01     3.137e-01     3.157e-01    1.986e-03
   22    3.316e+01     3.022e-01     3.023e-01    1.103e-04
   23    3.456e+01     2.875e-01     2.888e-01    1.302e-03
   24    3.596e+01     2.737e-01     2.755e-01    1.779e-03
   25    3.735e+01     2.631e-01     2.622e-01   -8.433e-04
   26    3.875e+01     2.475e-01     2.492e-01    1.680e-03
   27    4.015e+01     2.361e-01     2.363e-01    2.303e-04
   28    4.155e+01     2.225e-01     2.237e-01    1.219e-03
   29    4.295e+01     2.089e-01     2.114e-01    2.432e-03
   30    4.435e+01     1.968e-01     1.993e-01    2.550e-03
   31    4.574e+01     1.861e-01     1.876e-01    1.503e-03

============================================================


31 points for Integral 7,  Integral Region from 0.504 to 0.430 ppm

Converged after 51 iterations!

Results     Comp. 1    

I[0]           =   3.568e-01  
Diff Con.      =   1.087e-10 m2/s
Gamma          =   4.258e+03 Hz/G
Little Delta   =      2.000m
Big Delta      =    149.900m

RSS   =    6.051e-03
SD    =    1.397e-02

Point     Gradient       Expt          Calc       Difference

    1    2.408e+00     3.659e-01     3.559e-01   -1.009e-02
    2    3.805e+00     3.154e-01     3.544e-01    3.905e-02
    3    5.203e+00     3.641e-01     3.524e-01   -1.174e-02
    4    6.601e+00     3.618e-01     3.497e-01   -1.209e-02
    5    7.999e+00     2.883e-01     3.464e-01    5.802e-02
    6    1.080e+01     3.494e-01     3.380e-01   -1.139e-02
    7    1.219e+01     3.454e-01     3.330e-01   -1.239e-02
    8    1.359e+01     3.350e-01     3.275e-01   -7.487e-03
    9    1.499e+01     3.279e-01     3.215e-01   -6.446e-03
   10    1.639e+01     3.260e-01     3.150e-01   -1.108e-02
   11    1.778e+01     3.135e-01     3.081e-01   -5.407e-03
   12    1.918e+01     3.063e-01     3.008e-01   -5.563e-03
   13    2.058e+01     2.977e-01     2.931e-01   -4.593e-03
   14    2.198e+01     2.900e-01     2.851e-01   -4.904e-03
   15    2.338e+01     2.857e-01     2.768e-01   -8.835e-03
   16    2.477e+01     2.718e-01     2.683e-01   -3.470e-03
   17    2.617e+01     2.620e-01     2.596e-01   -2.446e-03
   18    2.757e+01     2.527e-01     2.507e-01   -2.084e-03
   19    2.897e+01     2.398e-01     2.416e-01    1.860e-03
   20    3.037e+01     2.313e-01     2.325e-01    1.228e-03
   21    3.176e+01     2.233e-01     2.233e-01    4.191e-05
   22    3.316e+01     2.129e-01     2.141e-01    1.192e-03
   23    3.456e+01     2.027e-01     2.049e-01    2.164e-03
   24    3.596e+01     1.935e-01     1.957e-01    2.186e-03
   25    3.735e+01     1.856e-01     1.866e-01    9.876e-04
   26    3.875e+01     1.762e-01     1.776e-01    1.417e-03
   27    4.015e+01     1.657e-01     1.687e-01    2.998e-03
   28    4.155e+01     1.572e-01     1.600e-01    2.816e-03
   29    4.295e+01     1.484e-01     1.515e-01    3.109e-03
   30    4.435e+01     1.398e-01     1.431e-01    3.362e-03
   31    4.574e+01     1.321e-01     1.350e-01    2.865e-03

============================================================


30 points for Integral 8,  Integral Region from 0.395 to 0.299 ppm

Converged after 58 iterations!

Results     Comp. 1    

I[0]           =   3.360e-01  
Diff Con.      =   1.071e-10 m2/s
Gamma          =   4.258e+03 Hz/G
Little Delta   =      2.000m
Big Delta      =    149.900m

RSS   =    4.246e-03
SD    =    1.190e-02

Point     Gradient       Expt          Calc       Difference

    1    2.408e+00     3.345e-01     3.351e-01    5.369e-04
    2    3.805e+00     2.744e-01     3.337e-01    5.932e-02
    3    5.203e+00     3.370e-01     3.318e-01   -5.178e-03
    4    6.601e+00     3.326e-01     3.293e-01   -3.249e-03
    5    1.080e+01     3.284e-01     3.185e-01   -9.841e-03
    6    1.219e+01     3.212e-01     3.139e-01   -7.362e-03
    7    1.359e+01     3.134e-01     3.087e-01   -4.640e-03
    8    1.499e+01     3.074e-01     3.031e-01   -4.283e-03
    9    1.639e+01     3.091e-01     2.971e-01   -1.202e-02
   10    1.778e+01     2.938e-01     2.907e-01   -3.082e-03
   11    1.918e+01     2.907e-01     2.839e-01   -6.800e-03
   12    2.058e+01     2.788e-01     2.768e-01   -1.999e-03
   13    2.198e+01     2.722e-01     2.693e-01   -2.821e-03
   14    2.338e+01     2.737e-01     2.616e-01   -1.208e-02
   15    2.477e+01     2.583e-01     2.537e-01   -4.595e-03
   16    2.617e+01     2.485e-01     2.456e-01   -2.942e-03
   17    2.757e+01     2.392e-01     2.373e-01   -1.944e-03
   18    2.897e+01     2.287e-01     2.289e-01    1.600e-04
   19    3.037e+01     2.207e-01     2.203e-01   -4.128e-04
   20    3.176e+01     2.135e-01     2.118e-01   -1.794e-03
   21    3.316e+01     2.020e-01     2.031e-01    1.102e-03
   22    3.456e+01     1.913e-01     1.945e-01    3.275e-03
   23    3.596e+01     1.845e-01     1.859e-01    1.478e-03
   24    3.735e+01     1.734e-01     1.774e-01    3.998e-03
   25    3.875e+01     1.679e-01     1.690e-01    1.078e-03
   26    4.015e+01     1.570e-01     1.607e-01    3.654e-03
   27    4.155e+01     1.494e-01     1.525e-01    3.128e-03
   28    4.295e+01     1.386e-01     1.445e-01    5.830e-03
   29    4.435e+01     1.329e-01     1.366e-01    3.749e-03
   30    4.574e+01     1.275e-01     1.290e-01    1.436e-03

============================================================


29 points for Integral 9,  Integral Region from 0.298 to 0.213 ppm

Converged after 54 iterations!

Results     Comp. 1    

I[0]           =   2.072e-01  
Diff Con.      =   1.076e-10 m2/s
Gamma          =   4.258e+03 Hz/G
Little Delta   =      2.000m
Big Delta      =    149.900m

RSS   =    3.361e-04
SD    =    3.404e-03

Point     Gradient       Expt          Calc       Difference

    1    2.408e+00     1.959e-01     2.066e-01    1.069e-02
    2    5.203e+00     1.998e-01     2.046e-01    4.856e-03
    3    6.601e+00     1.979e-01     2.031e-01    5.113e-03
    4    1.080e+01     1.986e-01     1.964e-01   -2.260e-03
    5    1.219e+01     1.976e-01     1.935e-01   -4.108e-03
    6    1.359e+01     1.910e-01     1.903e-01   -7.078e-04
    7    1.499e+01     1.866e-01     1.868e-01    2.714e-04
    8    1.639e+01     1.902e-01     1.831e-01   -7.046e-03
    9    1.778e+01     1.800e-01     1.791e-01   -8.698e-04
   10    1.918e+01     1.767e-01     1.749e-01   -1.736e-03
   11    2.058e+01     1.713e-01     1.705e-01   -7.867e-04
   12    2.198e+01     1.674e-01     1.659e-01   -1.462e-03
   13    2.338e+01     1.678e-01     1.612e-01   -6.671e-03
   14    2.477e+01     1.596e-01     1.562e-01   -3.308e-03
   15    2.617e+01     1.522e-01     1.512e-01   -9.752e-04
   16    2.757e+01     1.472e-01     1.461e-01   -1.079e-03
   17    2.897e+01     1.399e-01     1.409e-01    9.888e-04
   18    3.037e+01     1.352e-01     1.356e-01    3.768e-04
   19    3.176e+01     1.303e-01     1.303e-01    1.169e-05
   20    3.316e+01     1.245e-01     1.250e-01    4.427e-04
   21    3.456e+01     1.189e-01     1.196e-01    7.249e-04
   22    3.596e+01     1.148e-01     1.143e-01   -4.085e-04
   23    3.735e+01     1.111e-01     1.091e-01   -1.984e-03
   24    3.875e+01     1.038e-01     1.039e-01    1.173e-04
   25    4.015e+01     9.666e-02     9.874e-02    2.083e-03
   26    4.155e+01     9.222e-02     9.369e-02    1.470e-03
   27    4.295e+01     8.670e-02     8.874e-02    2.043e-03
   28    4.435e+01     8.045e-02     8.390e-02    3.446e-03
   29    4.574e+01     7.648e-02     7.918e-02    2.700e-03

============================================================


29 points for Integral 10,  Integral Region from 0.172 to 0.120 ppm

Converged after 64 iterations!

Results     Comp. 1    

I[0]           =   9.008e-02  
Diff Con.      =   1.037e-10 m2/s
Gamma          =   4.258e+03 Hz/G
Little Delta   =      2.000m
Big Delta      =    149.900m

RSS   =    1.931e-04
SD    =    2.581e-03

Point     Gradient       Expt          Calc       Difference

    1    2.408e+00     8.115e-02     8.984e-02    8.695e-03
    2    5.203e+00     8.453e-02     8.900e-02    4.468e-03
    3    6.601e+00     8.561e-02     8.835e-02    2.746e-03
    4    1.080e+01     8.741e-02     8.554e-02   -1.870e-03
    5    1.219e+01     8.568e-02     8.433e-02   -1.342e-03
    6    1.359e+01     8.300e-02     8.300e-02   -3.989e-06
    7    1.499e+01     8.271e-02     8.154e-02   -1.168e-03
    8    1.639e+01     8.410e-02     7.997e-02   -4.128e-03
    9    1.778e+01     7.917e-02     7.830e-02   -8.739e-04
   10    1.918e+01     7.881e-02     7.653e-02   -2.283e-03
   11    2.058e+01     7.578e-02     7.467e-02   -1.113e-03
   12    2.198e+01     7.415e-02     7.272e-02   -1.424e-03
   13    2.338e+01     7.567e-02     7.071e-02   -4.960e-03
   14    2.477e+01     7.212e-02     6.863e-02   -3.484e-03
   15    2.617e+01     6.795e-02     6.650e-02   -1.449e-03
   16    2.757e+01     6.393e-02     6.432e-02    3.904e-04
   17    2.897e+01     6.331e-02     6.211e-02   -1.203e-03
   18    3.037e+01     6.062e-02     5.987e-02   -7.470e-04
   19    3.176e+01     5.681e-02     5.761e-02    8.041e-04
   20    3.316e+01     5.507e-02     5.534e-02    2.740e-04
   21    3.456e+01     5.146e-02     5.307e-02    1.611e-03
   22    3.596e+01     5.061e-02     5.080e-02    1.929e-04
   23    3.735e+01     4.875e-02     4.855e-02   -2.002e-04
   24    3.875e+01     4.532e-02     4.631e-02    9.935e-04
   25    4.015e+01     4.233e-02     4.410e-02    1.768e-03
   26    4.155e+01     4.096e-02     4.193e-02    9.669e-04
   27    4.295e+01     3.855e-02     3.979e-02    1.236e-03
   28    4.435e+01     3.594e-02     3.770e-02    1.753e-03
   29    4.574e+01     3.390e-02     3.565e-02    1.750e-03

============================================================

