SIMFIT RESULTS
==============

Dataset : D:\OneDrive - NTNU\NMR_data\data\800\nmr/fractions/45/pdata/1/ct1t2.txt

AREA fit : Diffusion : Variable Gradient :

I=I[0]*exp(-D*SQR(2*PI*gamma*Gi*LD)*(BD-LD/3)*1e4)

32 points for Integral 1,  Integral Region from 0.984 to 0.929 ppm

Converged after 53 iterations!

Results     Comp. 1    

I[0]           =   3.437e-01  
Diff Con.      =   1.208e-10 m2/s
Gamma          =   4.258e+03 Hz/G
Little Delta   =      2.000m
Big Delta      =    149.900m

RSS   =    1.383e-02
SD    =    2.079e-02

Point     Gradient       Expt          Calc       Difference

    1    2.408e+00     3.699e-01     3.427e-01   -2.722e-02
    2    3.805e+00     3.819e-01     3.412e-01   -4.074e-02
    3    5.203e+00     3.348e-01     3.390e-01    4.145e-03
    4    6.601e+00     3.545e-01     3.361e-01   -1.838e-02
    5    7.999e+00     3.217e-01     3.326e-01    1.086e-02
    6    9.397e+00     2.798e-01     3.284e-01    4.860e-02
    7    1.080e+01     3.529e-01     3.237e-01   -2.925e-02
    8    1.219e+01     3.019e-01     3.184e-01    1.644e-02
    9    1.359e+01     3.199e-01     3.125e-01   -7.408e-03
   10    1.499e+01     3.071e-01     3.061e-01   -1.032e-03
   11    1.639e+01     3.097e-01     2.993e-01   -1.041e-02
   12    1.778e+01     2.925e-01     2.920e-01   -5.599e-04
   13    1.918e+01     2.782e-01     2.843e-01    6.088e-03
   14    2.058e+01     2.715e-01     2.762e-01    4.742e-03
   15    2.198e+01     1.849e-01     2.679e-01    8.300e-02
   16    2.338e+01     2.620e-01     2.593e-01   -2.769e-03
   17    2.477e+01     2.438e-01     2.504e-01    6.610e-03
   18    2.617e+01     2.391e-01     2.414e-01    2.308e-03
   19    2.757e+01     2.300e-01     2.322e-01    2.223e-03
   20    2.897e+01     2.216e-01     2.229e-01    1.300e-03
   21    3.037e+01     2.173e-01     2.136e-01   -3.787e-03
   22    3.176e+01     2.093e-01     2.042e-01   -5.143e-03
   23    3.316e+01     1.982e-01     1.949e-01   -3.307e-03
   24    3.456e+01     1.887e-01     1.856e-01   -3.128e-03
   25    3.596e+01     1.826e-01     1.764e-01   -6.236e-03
   26    3.735e+01     1.691e-01     1.673e-01   -1.834e-03
   27    3.875e+01     1.642e-01     1.583e-01   -5.888e-03
   28    4.015e+01     1.564e-01     1.496e-01   -6.854e-03
   29    4.155e+01     1.448e-01     1.410e-01   -3.785e-03
   30    4.295e+01     1.377e-01     1.327e-01   -5.049e-03
   31    4.435e+01     1.306e-01     1.246e-01   -6.028e-03
   32    4.574e+01     1.220e-01     1.167e-01   -5.259e-03

============================================================


32 points for Integral 2,  Integral Region from 0.842 to 0.797 ppm

Converged after 46 iterations!

Results     Comp. 1    

I[0]           =   6.336e-01  
Diff Con.      =   1.192e-10 m2/s
Gamma          =   4.258e+03 Hz/G
Little Delta   =      2.000m
Big Delta      =    149.900m

RSS   =    8.194e-03
SD    =    1.600e-02

Point     Gradient       Expt          Calc       Difference

    1    2.408e+00     6.500e-01     6.318e-01   -1.825e-02
    2    3.805e+00     6.632e-01     6.290e-01   -3.421e-02
    3    5.203e+00     6.186e-01     6.250e-01    6.412e-03
    4    6.601e+00     6.324e-01     6.197e-01   -1.262e-02
    5    7.999e+00     6.155e-01     6.133e-01   -2.149e-03
    6    9.397e+00     5.686e-01     6.058e-01    3.714e-02
    7    1.080e+01     6.146e-01     5.971e-01   -1.746e-02
    8    1.219e+01     5.781e-01     5.874e-01    9.313e-03
    9    1.359e+01     5.803e-01     5.767e-01   -3.563e-03
   10    1.499e+01     5.668e-01     5.651e-01   -1.673e-03
   11    1.639e+01     5.562e-01     5.526e-01   -3.556e-03
   12    1.778e+01     5.420e-01     5.394e-01   -2.671e-03
   13    1.918e+01     5.224e-01     5.253e-01    2.995e-03
   14    2.058e+01     5.039e-01     5.107e-01    6.784e-03
   15    2.198e+01     4.289e-01     4.954e-01    6.658e-02
   16    2.338e+01     4.800e-01     4.797e-01   -3.550e-04
   17    2.477e+01     4.614e-01     4.635e-01    2.132e-03
   18    2.617e+01     4.485e-01     4.470e-01   -1.520e-03
   19    2.757e+01     4.311e-01     4.302e-01   -8.775e-04
   20    2.897e+01     4.134e-01     4.132e-01   -1.873e-04
   21    3.037e+01     3.973e-01     3.961e-01   -1.133e-03
   22    3.176e+01     3.793e-01     3.790e-01   -3.118e-04
   23    3.316e+01     3.634e-01     3.619e-01   -1.479e-03
   24    3.456e+01     3.479e-01     3.449e-01   -3.055e-03
   25    3.596e+01     3.291e-01     3.280e-01   -1.095e-03
   26    3.735e+01     3.144e-01     3.113e-01   -3.093e-03
   27    3.875e+01     2.971e-01     2.949e-01   -2.190e-03
   28    4.015e+01     2.820e-01     2.788e-01   -3.289e-03
   29    4.155e+01     2.715e-01     2.630e-01   -8.489e-03
   30    4.295e+01     2.540e-01     2.476e-01   -6.409e-03
   31    4.435e+01     2.367e-01     2.327e-01   -4.025e-03
   32    4.574e+01     2.220e-01     2.183e-01   -3.747e-03

============================================================


32 points for Integral 3,  Integral Region from 0.795 to 0.761 ppm

Converged after 48 iterations!

Results     Comp. 1    

I[0]           =   4.219e-01  
Diff Con.      =   1.186e-10 m2/s
Gamma          =   4.258e+03 Hz/G
Little Delta   =      2.000m
Big Delta      =    149.900m

RSS   =    4.918e-03
SD    =    1.240e-02

Point     Gradient       Expt          Calc       Difference

    1    2.408e+00     4.310e-01     4.206e-01   -1.037e-02
    2    3.805e+00     4.414e-01     4.188e-01   -2.259e-02
    3    5.203e+00     4.079e-01     4.161e-01    8.187e-03
    4    6.601e+00     4.194e-01     4.127e-01   -6.758e-03
    5    7.999e+00     4.119e-01     4.084e-01   -3.531e-03
    6    9.397e+00     3.735e-01     4.034e-01    2.988e-02
    7    1.080e+01     4.169e-01     3.977e-01   -1.921e-02
    8    1.219e+01     3.819e-01     3.913e-01    9.402e-03
    9    1.359e+01     3.903e-01     3.842e-01   -6.074e-03
   10    1.499e+01     3.777e-01     3.765e-01   -1.257e-03
   11    1.639e+01     3.746e-01     3.682e-01   -6.425e-03
   12    1.778e+01     3.594e-01     3.594e-01    2.924e-05
   13    1.918e+01     3.496e-01     3.501e-01    5.770e-04
   14    2.058e+01     3.390e-01     3.404e-01    1.359e-03
   15    2.198e+01     2.787e-01     3.303e-01    5.163e-02
   16    2.338e+01     3.214e-01     3.199e-01   -1.567e-03
   17    2.477e+01     3.093e-01     3.091e-01   -1.706e-04
   18    2.617e+01     3.006e-01     2.982e-01   -2.394e-03
   19    2.757e+01     2.882e-01     2.870e-01   -1.106e-03
   20    2.897e+01     2.766e-01     2.758e-01   -8.507e-04
   21    3.037e+01     2.645e-01     2.644e-01   -6.913e-05
   22    3.176e+01     2.522e-01     2.531e-01    8.745e-04
   23    3.316e+01     2.436e-01     2.417e-01   -1.886e-03
   24    3.456e+01     2.312e-01     2.304e-01   -8.161e-04
   25    3.596e+01     2.228e-01     2.192e-01   -3.652e-03
   26    3.735e+01     2.108e-01     2.081e-01   -2.712e-03
   27    3.875e+01     1.993e-01     1.971e-01   -2.142e-03
   28    4.015e+01     1.898e-01     1.864e-01   -3.415e-03
   29    4.155e+01     1.760e-01     1.760e-01   -9.201e-05
   30    4.295e+01     1.697e-01     1.657e-01   -3.942e-03
   31    4.435e+01     1.574e-01     1.558e-01   -1.617e-03
   32    4.574e+01     1.488e-01     1.462e-01   -2.655e-03

============================================================


32 points for Integral 4,  Integral Region from 0.761 to 0.686 ppm

Converged after 44 iterations!

Results     Comp. 1    

I[0]           =   7.487e-01  
Diff Con.      =   1.178e-10 m2/s
Gamma          =   4.258e+03 Hz/G
Little Delta   =      2.000m
Big Delta      =    149.900m

RSS   =    2.371e-02
SD    =    2.722e-02

Point     Gradient       Expt          Calc       Difference

    1    2.408e+00     7.750e-01     7.465e-01   -2.857e-02
    2    3.805e+00     7.940e-01     7.432e-01   -5.077e-02
    3    5.203e+00     7.236e-01     7.385e-01    1.488e-02
    4    6.601e+00     7.466e-01     7.324e-01   -1.419e-02
    5    7.999e+00     7.429e-01     7.249e-01   -1.794e-02
    6    9.397e+00     6.459e-01     7.161e-01    7.018e-02
    7    1.080e+01     7.399e-01     7.060e-01   -3.388e-02
    8    1.219e+01     6.734e-01     6.947e-01    2.129e-02
    9    1.359e+01     6.894e-01     6.822e-01   -7.269e-03
   10    1.499e+01     6.759e-01     6.686e-01   -7.269e-03
   11    1.639e+01     6.697e-01     6.540e-01   -1.568e-02
   12    1.778e+01     6.363e-01     6.385e-01    2.128e-03
   13    1.918e+01     6.140e-01     6.221e-01    8.019e-03
   14    2.058e+01     6.024e-01     6.049e-01    2.491e-03
   15    2.198e+01     4.764e-01     5.871e-01    1.107e-01
   16    2.338e+01     5.710e-01     5.686e-01   -2.342e-03
   17    2.477e+01     5.462e-01     5.497e-01    3.492e-03
   18    2.617e+01     5.345e-01     5.303e-01   -4.188e-03
   19    2.757e+01     5.104e-01     5.106e-01    2.312e-04
   20    2.897e+01     4.931e-01     4.907e-01   -2.379e-03
   21    3.037e+01     4.723e-01     4.706e-01   -1.676e-03
   22    3.176e+01     4.546e-01     4.505e-01   -4.124e-03
   23    3.316e+01     4.331e-01     4.304e-01   -2.683e-03
   24    3.456e+01     4.131e-01     4.104e-01   -2.723e-03
   25    3.596e+01     3.959e-01     3.905e-01   -5.385e-03
   26    3.735e+01     3.747e-01     3.709e-01   -3.825e-03
   27    3.875e+01     3.563e-01     3.515e-01   -4.814e-03
   28    4.015e+01     3.407e-01     3.325e-01   -8.151e-03
   29    4.155e+01     3.230e-01     3.139e-01   -9.025e-03
   30    4.295e+01     3.008e-01     2.958e-01   -4.983e-03
   31    4.435e+01     2.828e-01     2.782e-01   -4.588e-03
   32    4.574e+01     2.663e-01     2.611e-01   -5.174e-03

============================================================


32 points for Integral 5,  Integral Region from 0.681 to 0.578 ppm

Converged after 51 iterations!

Results     Comp. 1    

I[0]           =   9.400e-01  
Diff Con.      =   1.171e-10 m2/s
Gamma          =   4.258e+03 Hz/G
Little Delta   =      2.000m
Big Delta      =    149.900m

RSS   =    4.188e-02
SD    =    3.618e-02

Point     Gradient       Expt          Calc       Difference

    1    2.408e+00     9.669e-01     9.372e-01   -2.965e-02
    2    3.805e+00     1.000e+00     9.332e-01   -6.681e-02
    3    5.203e+00     9.015e-01     9.273e-01    2.584e-02
    4    6.601e+00     9.404e-01     9.197e-01   -2.068e-02
    5    7.999e+00     9.453e-01     9.103e-01   -3.494e-02
    6    9.397e+00     8.049e-01     8.993e-01    9.447e-02
    7    1.080e+01     9.292e-01     8.867e-01   -4.250e-02
    8    1.219e+01     8.477e-01     8.726e-01    2.484e-02
    9    1.359e+01     8.663e-01     8.570e-01   -9.283e-03
   10    1.499e+01     8.454e-01     8.400e-01   -5.342e-03
   11    1.639e+01     8.387e-01     8.218e-01   -1.694e-02
   12    1.778e+01     8.071e-01     8.024e-01   -4.775e-03
   13    1.918e+01     7.753e-01     7.819e-01    6.555e-03
   14    2.058e+01     7.532e-01     7.604e-01    7.204e-03
   15    2.198e+01     5.908e-01     7.381e-01    1.473e-01
   16    2.338e+01     7.213e-01     7.151e-01   -6.180e-03
   17    2.477e+01     6.844e-01     6.914e-01    6.951e-03
   18    2.617e+01     6.733e-01     6.672e-01   -6.107e-03
   19    2.757e+01     6.429e-01     6.426e-01   -3.832e-04
   20    2.897e+01     6.252e-01     6.176e-01   -7.581e-03
   21    3.037e+01     5.969e-01     5.925e-01   -4.404e-03
   22    3.176e+01     5.753e-01     5.673e-01   -7.996e-03
   23    3.316e+01     5.455e-01     5.421e-01   -3.378e-03
   24    3.456e+01     5.218e-01     5.171e-01   -4.727e-03
   25    3.596e+01     5.004e-01     4.922e-01   -8.222e-03
   26    3.735e+01     4.733e-01     4.676e-01   -5.749e-03
   27    3.875e+01     4.510e-01     4.433e-01   -7.725e-03
   28    4.015e+01     4.273e-01     4.195e-01   -7.802e-03
   29    4.155e+01     4.006e-01     3.962e-01   -4.453e-03
   30    4.295e+01     3.793e-01     3.735e-01   -5.833e-03
   31    4.435e+01     3.547e-01     3.513e-01   -3.390e-03
   32    4.574e+01     3.375e-01     3.299e-01   -7.617e-03

============================================================


32 points for Integral 6,  Integral Region from 0.578 to 0.504 ppm

Converged after 51 iterations!

Results     Comp. 1    

I[0]           =   5.569e-01  
Diff Con.      =   1.141e-10 m2/s
Gamma          =   4.258e+03 Hz/G
Little Delta   =      2.000m
Big Delta      =    149.900m

RSS   =    1.982e-02
SD    =    2.489e-02

Point     Gradient       Expt          Calc       Difference

    1    2.408e+00     5.712e-01     5.553e-01   -1.592e-02
    2    3.805e+00     5.966e-01     5.530e-01   -4.357e-02
    3    5.203e+00     5.274e-01     5.496e-01    2.224e-02
    4    6.601e+00     5.562e-01     5.452e-01   -1.104e-02
    5    7.999e+00     5.683e-01     5.398e-01   -2.851e-02
    6    9.397e+00     4.684e-01     5.334e-01    6.500e-02
    7    1.080e+01     5.619e-01     5.262e-01   -3.578e-02
    8    1.219e+01     4.978e-01     5.180e-01    2.020e-02
    9    1.359e+01     5.167e-01     5.090e-01   -7.762e-03
   10    1.499e+01     5.021e-01     4.991e-01   -2.988e-03
   11    1.639e+01     5.002e-01     4.886e-01   -1.165e-02
   12    1.778e+01     4.791e-01     4.774e-01   -1.726e-03
   13    1.918e+01     4.614e-01     4.655e-01    4.100e-03
   14    2.058e+01     4.528e-01     4.530e-01    2.515e-04
   15    2.198e+01     3.413e-01     4.401e-01    9.876e-02
   16    2.338e+01     4.332e-01     4.267e-01   -6.494e-03
   17    2.477e+01     4.081e-01     4.129e-01    4.858e-03
   18    2.617e+01     4.041e-01     3.988e-01   -5.266e-03
   19    2.757e+01     3.896e-01     3.845e-01   -5.050e-03
   20    2.897e+01     3.740e-01     3.700e-01   -4.010e-03
   21    3.037e+01     3.593e-01     3.553e-01   -3.979e-03
   22    3.176e+01     3.413e-01     3.406e-01   -7.373e-04
   23    3.316e+01     3.320e-01     3.259e-01   -6.108e-03
   24    3.456e+01     3.158e-01     3.112e-01   -4.620e-03
   25    3.596e+01     3.013e-01     2.966e-01   -4.714e-03
   26    3.735e+01     2.867e-01     2.821e-01   -4.520e-03
   27    3.875e+01     2.696e-01     2.679e-01   -1.723e-03
   28    4.015e+01     2.618e-01     2.539e-01   -7.940e-03
   29    4.155e+01     2.380e-01     2.401e-01    2.090e-03
   30    4.295e+01     2.284e-01     2.267e-01   -1.700e-03
   31    4.435e+01     2.156e-01     2.136e-01   -1.998e-03
   32    4.574e+01     2.053e-01     2.009e-01   -4.451e-03

============================================================


32 points for Integral 7,  Integral Region from 0.504 to 0.430 ppm

Converged after 54 iterations!

Results     Comp. 1    

I[0]           =   2.257e-01  
Diff Con.      =   1.141e-10 m2/s
Gamma          =   4.258e+03 Hz/G
Little Delta   =      2.000m
Big Delta      =    149.900m

RSS   =    1.954e-02
SD    =    2.471e-02

Point     Gradient       Expt          Calc       Difference

    1    2.408e+00     2.394e-01     2.250e-01   -1.436e-02
    2    3.805e+00     2.608e-01     2.241e-01   -3.672e-02
    3    5.203e+00     1.972e-01     2.227e-01    2.545e-02
    4    6.601e+00     2.301e-01     2.209e-01   -9.170e-03
    5    7.999e+00     2.567e-01     2.187e-01   -3.797e-02
    6    9.397e+00     1.488e-01     2.161e-01    6.738e-02
    7    1.080e+01     2.408e-01     2.132e-01   -2.763e-02
    8    1.219e+01     1.966e-01     2.099e-01    1.327e-02
    9    1.359e+01     2.170e-01     2.062e-01   -1.081e-02
   10    1.499e+01     2.040e-01     2.022e-01   -1.733e-03
   11    1.639e+01     2.130e-01     1.980e-01   -1.502e-02
   12    1.778e+01     1.990e-01     1.934e-01   -5.541e-03
   13    1.918e+01     1.877e-01     1.886e-01    8.958e-04
   14    2.058e+01     1.812e-01     1.836e-01    2.335e-03
   15    2.198e+01     7.985e-02     1.783e-01    9.847e-02
   16    2.338e+01     1.773e-01     1.729e-01   -4.398e-03
   17    2.477e+01     1.668e-01     1.673e-01    5.038e-04
   18    2.617e+01     1.703e-01     1.616e-01   -8.697e-03
   19    2.757e+01     1.576e-01     1.558e-01   -1.765e-03
   20    2.897e+01     1.545e-01     1.499e-01   -4.610e-03
   21    3.037e+01     1.499e-01     1.440e-01   -5.954e-03
   22    3.176e+01     1.394e-01     1.380e-01   -1.356e-03
   23    3.316e+01     1.335e-01     1.320e-01   -1.483e-03
   24    3.456e+01     1.275e-01     1.261e-01   -1.404e-03
   25    3.596e+01     1.221e-01     1.202e-01   -1.970e-03
   26    3.735e+01     1.145e-01     1.143e-01   -1.721e-04
   27    3.875e+01     1.143e-01     1.085e-01   -5.731e-03
   28    4.015e+01     1.080e-01     1.028e-01   -5.131e-03
   29    4.155e+01     1.010e-01     9.728e-02   -3.714e-03
   30    4.295e+01     9.542e-02     9.184e-02   -3.585e-03
   31    4.435e+01     8.810e-02     8.653e-02   -1.567e-03
   32    4.574e+01     8.355e-02     8.138e-02   -2.173e-03

============================================================


32 points for Integral 8,  Integral Region from 0.396 to 0.299 ppm

Converged after 51 iterations!

Results     Comp. 1    

I[0]           =   4.186e-01  
Diff Con.      =   1.133e-10 m2/s
Gamma          =   4.258e+03 Hz/G
Little Delta   =      2.000m
Big Delta      =    149.900m

RSS   =    3.066e-02
SD    =    3.096e-02

Point     Gradient       Expt          Calc       Difference

    1    2.408e+00     4.333e-01     4.175e-01   -1.587e-02
    2    3.805e+00     4.608e-01     4.157e-01   -4.508e-02
    3    5.203e+00     3.832e-01     4.132e-01    3.002e-02
    4    6.601e+00     4.233e-01     4.099e-01   -1.335e-02
    5    7.999e+00     4.595e-01     4.059e-01   -5.367e-02
    6    9.397e+00     3.237e-01     4.011e-01    7.745e-02
    7    1.080e+01     4.291e-01     3.957e-01   -3.340e-02
    8    1.219e+01     3.637e-01     3.896e-01    2.588e-02
    9    1.359e+01     3.961e-01     3.828e-01   -1.324e-02
   10    1.499e+01     3.831e-01     3.755e-01   -7.616e-03
   11    1.639e+01     3.858e-01     3.676e-01   -1.817e-02
   12    1.778e+01     3.635e-01     3.592e-01   -4.249e-03
   13    1.918e+01     3.477e-01     3.503e-01    2.627e-03
   14    2.058e+01     3.386e-01     3.410e-01    2.431e-03
   15    2.198e+01     2.061e-01     3.313e-01    1.253e-01
   16    2.338e+01     3.292e-01     3.213e-01   -7.916e-03
   17    2.477e+01     3.095e-01     3.110e-01    1.473e-03
   18    2.617e+01     3.028e-01     3.005e-01   -2.314e-03
   19    2.757e+01     2.907e-01     2.897e-01   -9.517e-04
   20    2.897e+01     2.811e-01     2.789e-01   -2.187e-03
   21    3.037e+01     2.698e-01     2.679e-01   -1.938e-03
   22    3.176e+01     2.602e-01     2.569e-01   -3.347e-03
   23    3.316e+01     2.512e-01     2.458e-01   -5.428e-03
   24    3.456e+01     2.410e-01     2.348e-01   -6.159e-03
   25    3.596e+01     2.299e-01     2.239e-01   -6.084e-03
   26    3.735e+01     2.178e-01     2.130e-01   -4.777e-03
   27    3.875e+01     2.089e-01     2.023e-01   -6.614e-03
   28    4.015e+01     1.972e-01     1.918e-01   -5.440e-03
   29    4.155e+01     1.839e-01     1.815e-01   -2.420e-03
   30    4.295e+01     1.771e-01     1.714e-01   -5.700e-03
   31    4.435e+01     1.647e-01     1.616e-01   -3.109e-03
   32    4.574e+01     1.543e-01     1.520e-01   -2.255e-03

============================================================


32 points for Integral 9,  Integral Region from 0.298 to 0.213 ppm

Converged after 61 iterations!

Results     Comp. 1    

I[0]           =   1.253e-01  
Diff Con.      =   1.093e-10 m2/s
Gamma          =   4.258e+03 Hz/G
Little Delta   =      2.000m
Big Delta      =    149.900m

RSS   =    2.203e-02
SD    =    2.624e-02

Point     Gradient       Expt          Calc       Difference

    1    2.408e+00     1.343e-01     1.249e-01   -9.403e-03
    2    3.805e+00     1.617e-01     1.244e-01   -3.733e-02
    3    5.203e+00     9.189e-02     1.237e-01    3.179e-02
    4    6.601e+00     1.296e-01     1.227e-01   -6.855e-03
    5    7.999e+00     1.735e-01     1.216e-01   -5.192e-02
    6    9.397e+00     5.597e-02     1.202e-01    6.422e-02
    7    1.080e+01     1.465e-01     1.186e-01   -2.792e-02
    8    1.219e+01     9.233e-02     1.168e-01    2.452e-02
    9    1.359e+01     1.234e-01     1.149e-01   -8.548e-03
   10    1.499e+01     1.187e-01     1.128e-01   -5.964e-03
   11    1.639e+01     1.256e-01     1.105e-01   -1.512e-02
   12    1.778e+01     1.160e-01     1.080e-01   -7.905e-03
   13    1.918e+01     1.039e-01     1.055e-01    1.591e-03
   14    2.058e+01     1.053e-01     1.028e-01   -2.563e-03
   15    2.198e+01    -2.592e-03     9.995e-02    1.025e-01
   16    2.338e+01     1.020e-01     9.703e-02   -4.962e-03
   17    2.477e+01     9.241e-02     9.403e-02    1.620e-03
   18    2.617e+01     9.932e-02     9.095e-02   -8.365e-03
   19    2.757e+01     8.894e-02     8.782e-02   -1.127e-03
   20    2.897e+01     8.983e-02     8.463e-02   -5.200e-03
   21    3.037e+01     8.826e-02     8.142e-02   -6.846e-03
   22    3.176e+01     8.858e-02     7.818e-02   -1.040e-02
   23    3.316e+01     7.867e-02     7.494e-02   -3.736e-03
   24    3.456e+01     7.588e-02     7.170e-02   -4.185e-03
   25    3.596e+01     7.118e-02     6.847e-02   -2.709e-03
   26    3.735e+01     6.496e-02     6.527e-02    3.045e-04
   27    3.875e+01     5.996e-02     6.210e-02    2.139e-03
   28    4.015e+01     6.286e-02     5.898e-02   -3.875e-03
   29    4.155e+01     6.050e-02     5.592e-02   -4.581e-03
   30    4.295e+01     5.358e-02     5.292e-02   -6.633e-04
   31    4.435e+01     5.242e-02     4.999e-02   -2.432e-03
   32    4.574e+01     4.611e-02     4.713e-02    1.023e-03

============================================================


32 points for Integral 10,  Integral Region from 0.172 to 0.120 ppm

Converged after 70 iterations!

Results     Comp. 1    

I[0]           =   7.451e-02  
Diff Con.      =   1.184e-10 m2/s
Gamma          =   4.258e+03 Hz/G
Little Delta   =      2.000m
Big Delta      =    149.900m

RSS   =    7.896e-03
SD    =    1.571e-02

Point     Gradient       Expt          Calc       Difference

    1    2.408e+00     7.989e-02     7.429e-02   -5.595e-03
    2    3.805e+00     9.195e-02     7.397e-02   -1.798e-02
    3    5.203e+00     5.555e-02     7.350e-02    1.795e-02
    4    6.601e+00     7.696e-02     7.289e-02   -4.076e-03
    5    7.999e+00     1.068e-01     7.214e-02   -3.467e-02
    6    9.397e+00     3.478e-02     7.126e-02    3.648e-02
    7    1.080e+01     8.728e-02     7.025e-02   -1.704e-02
    8    1.219e+01     5.554e-02     6.911e-02    1.357e-02
    9    1.359e+01     7.090e-02     6.786e-02   -3.038e-03
   10    1.499e+01     6.876e-02     6.651e-02   -2.257e-03
   11    1.639e+01     7.578e-02     6.505e-02   -1.074e-02
   12    1.778e+01     6.604e-02     6.350e-02   -2.542e-03
   13    1.918e+01     6.227e-02     6.186e-02   -4.170e-04
   14    2.058e+01     5.920e-02     6.014e-02    9.450e-04
   15    2.198e+01    -4.139e-03     5.836e-02    6.250e-02
   16    2.338e+01     6.092e-02     5.652e-02   -4.402e-03
   17    2.477e+01     5.727e-02     5.462e-02   -2.650e-03
   18    2.617e+01     5.582e-02     5.269e-02   -3.133e-03
   19    2.757e+01     5.135e-02     5.073e-02   -6.238e-04
   20    2.897e+01     5.363e-02     4.874e-02   -4.889e-03
   21    3.037e+01     4.685e-02     4.674e-02   -1.179e-04
   22    3.176e+01     4.663e-02     4.473e-02   -1.902e-03
   23    3.316e+01     4.767e-02     4.272e-02   -4.946e-03
   24    3.456e+01     4.678e-02     4.072e-02   -6.054e-03
   25    3.596e+01     3.945e-02     3.874e-02   -7.116e-04
   26    3.735e+01     3.486e-02     3.678e-02    1.924e-03
   27    3.875e+01     3.530e-02     3.486e-02   -4.427e-04
   28    4.015e+01     3.652e-02     3.297e-02   -3.550e-03
   29    4.155e+01     3.376e-02     3.111e-02   -2.643e-03
   30    4.295e+01     2.831e-02     2.931e-02    1.002e-03
   31    4.435e+01     2.870e-02     2.756e-02   -1.145e-03
   32    4.574e+01     2.693e-02     2.585e-02   -1.077e-03

============================================================

