8 N 0.8216869197473456 0.025508294983283938
9 N 0.8486671078202022 0.005387397346297111
11 N 0.8464619311834299 0.014644305599337626
15 N 0.892253574017451 0.009085539001395552
16 N 0.8592388916089512 0.00949120218775747
18 N 0.8100199352331118 0.0062852422355157605
20 N 0.9747221120296815 0.0064115597986022736
21 N 0.9183591962198598 0.00927843856638155
22 N 0.9821410881349592 0.005284161549734157
23 N 1.0105200387552797 0.00670509369378977
24 N 1.0024234849280333 0.0032512797475065763
25 N 0.9598727782168945 0.003325225874778094
26 N 0.7801332710316574 0.007798262723080045
31 N 0.924864020330028 0.005771640306759957
32 N 0.8588149401706116 0.006707614916873411
33 N 0.7943472734625018 0.006391837671491794
34 N 0.8811254640984658 0.005282288131177136
36 N 0.8959469557926459 0.008060261183818848
38 N 1.3118673698846945 0.027625616485346147
39 N 0.8210614077464872 0.0077361545042523945
40 N 0.8739084111102811 0.008486694231168723
41 N 0.8665510536639656 0.006079539595186516
42 N 0.903698400017919 0.005627671629223246
43 N 0.9068496162905554 0.006438964467157942
44 N 0.8592981854874236 0.009136096413605457
45 N 0.8748323493750296 0.008833928338369492
46 N 0.8311434409576163 0.008484020330739191
47 N 0.8112577768679549 0.009798606875687881
54 N 0.9505957666021709 0.0079161771186015
55 N 0.8541902251673335 0.007397915998645374
56 N 0.8113033340299718 0.01457037035088303
57 N 0.8780929855581412 0.013689178247271512
58 N 0.8850689525876647 0.008745309119024826
59 N 0.7026514614399086 0.008334545522448916
60 N 0.8890314869411976 0.006042117229020188
61 N 0.8052687354006858 0.010479717750908824
62 N 0.7912527134375589 0.007809759729811332
63 N 0.8670115299909825 0.011439184827306749
66 N 0.8470078790186706 0.014872261990012476
67 N 0.8742418382700757 0.009863414337736822
68 N 0.9651501562070299 0.015234311766789375
69 N 0.8140079209572715 0.006578714833520625
70 N 0.8622098163750355 0.00787491123557481
72 N 1.0947305941135013 0.00802564280215579
73 N 0.948169225425578 0.01728226108863407
74 N 0.8315310785378195 0.009037742131205933
75 N 0.9316134836339879 0.014540727966984232
77 N 0.8872455972775154 0.009816791359027313
78 N 0.8009819684305106 0.0053420701132382625
79 N 0.753130973605266 0.013619603664776348
80 N 0.8824499637450828 0.010516402130278204
82 N 0.9129803102389079 0.005563388652831404
83 N 0.8823074845681945 0.007702779328687844
84 N 0.8750540417760184 0.005873786937373524
85 N 0.7973363267462394 0.005648886079390842
86 N 0.7197132373113059 0.004677391068459449
87 N 0.874384438708804 0.007430479769677261
88 N 0.8359603329588687 0.004476885950423589
89 N 0.8676821449309071 0.005900583117309158
92 N 0.8171146793912365 0.016427951339372745
93 N 0.873400185269432 0.013039027079692003
94 N 0.8518255423641636 0.010234003791356224
95 N 0.8221794878998305 0.007285269811467415
96 N 0.7856254503181007 0.009135722577950691
97 N 0.8789970263808718 0.010520004955921864
98 N 0.8888917529799026 0.004635121064543209
99 N 0.7496528480705258 0.004614182771546987
100 N 0.8649379876594376 0.011434486632601996
102 N 0.8494996770363912 0.00679764486705214
104 N 0.882088900298443 0.014341104317902326
105 N 0.8903261642058498 0.01294875920842856
106 N 0.8426766913970789 0.01501004029161411
107 N 0.896257394611707 0.012372145294062626
109 N 1.4136120905945997 0.03966259044279552
112 N 0.8885585909008394 0.00888678293784435
113 N 0.8294825971398498 0.008714285347752333
114 N 0.811819099642294 0.012287524948315589
115 N 0.8284045171229142 0.009900310303767609
116 N 0.7806190161797484 0.008651986054304901
117 N 0.8589221790667552 0.013508646730468086
118 N 0.8042779928017362 0.009037492906801371
119 N 0.8637001614386256 0.009773487777833434
122 N 0.866780292022403 0.011766139762956306
123 N 0.9164501904454498 0.005988127853447829
124 N 0.7500933832282111 0.004824506354001194
126 N 0.889330995289497 0.005696251057367721
128 N 0.8250166510066719 0.0039000554170987457
129 N 0.8191497361662511 0.00911304329526352
130 N 0.8542555300623377 0.011842777467580688
131 N 0.9186291193266617 0.007995012916835548
132 N 0.867233119065597 0.005875368965863691
133 N 0.8612832409569883 0.006747363051897285
134 N 0.8481967349513939 0.006572511805875588
135 N 0.7106861743221863 0.008278635181926775
136 N 0.7774483635677022 0.0062569899879675855
137 N 0.9609911388969076 0.019796645253099595
138 N 0.9289168136579626 0.007756366129176968
139 N 0.9714923116900344 0.0031654735084950193
140 N 0.8967672025299673 0.010826556942595033
141 N 0.831763991483114 0.006767842531059706
142 N 0.8815989075399392 0.012873106679827894
145 N 0.7952532168093719 0.006416479660453323
146 N 0.8116743328623078 0.00794367143777774
147 N 0.8218071694033628 0.0064794694171128
151 N 0.8185146638961163 0.007560124116424231
152 N 0.815285397190337 0.008448300715985974
153 N 0.9038334736104513 0.013639597223791922
156 N 0.8662874411006781 0.021832289196968332
157 N 0.9349121795427812 0.009579629959458841
158 N 0.8449135377847214 0.006585161513455957
160 N 0.8127859487819711 0.010857277210422775
161 N 0.759276174419954 0.007323032433537563
162 N 0.7847503660478864 0.008576943089089243
164 N 0.7833314870704476 0.004846940205761825
165 N 0.8242127005955507 0.007411391536899005
166 N 0.839143992037552 0.006633078216864657
167 N 0.8115349322503815 0.006965179884727144
168 N 0.7699894365730959 0.006167193312433941
169 N 0.8361237364664281 0.004287358432341154
171 N 0.8364101233964342 0.01042229604842906
172 N 0.8445751346546946 0.01569277361919504
173 N 0.9064790331928747 0.018400718033803474
174 N 0.8595109420051718 0.01013748946520947
187 N 0.7829648996972812 0.012629266457628536
188 N 0.8739612265261781 0.012947191566193008
189 N 0.7519202043202244 0.011257603204164381
190 N 0.9433804534689753 0.013086069713173847
191 N 0.8627691571454634 0.012384520260046336
192 N 1.1102821576611763 0.015368251270707126
193 N 0.8687403356053727 0.008939921530793064
194 N 0.8499291962087647 0.0030985100116189064
195 N 0.8082202372945974 0.008501148364722396
196 N 0.8605943573043988 0.006153153667129908
197 N 0.7677133017394233 0.006690154907396527
198 N 0.9186937972263179 0.009158335632023711
199 N 0.8792103592609288 0.005764764089624674
200 N 0.7869518077696469 0.005827284933849074
201 N 0.8237361772669681 0.009950301935708976
202 N 0.79722497877225 0.012138047651924545
203 N 0.8924901694690626 0.006099363526358924
204 N 0.855045984931867 0.0129321917093011
205 N 0.8376220760281128 0.009820083930114238
206 N 1.151852689716024 0.0026959229629544687
207 N 1.3593985323497253 0.002268121967795388
208 N 1.2744507941481804 0.0016298442042531286
209 N 1.347119222441244 0.023823419027610634
211 N 1.31460754550112 0.0017549370307101085
213 N 1.2171713298308675 0.0015900195210978845
215 N 1.2840115776389167 0.001498831649890166
217 N 1.2581287425851067 0.0014753598515256081
219 N 1.3219481370349904 0.0018504812130279563
220 N 1.285099008640964 0.002223740296035237
222 N 1.3395712922286187 0.001928582995613674
223 N 1.2614540840847892 0.0013788096141005984
226 N 1.2642253784120625 0.0018973879622540726
227 N 1.34180543775756 0.004896310262397278
228 N 1.20782427495728 0.0026203861279609922
229 N 1.3802451782146539 0.0044961319613994145
230 N 1.3079866754653444 0.004964307041089658
231 N 1.2344482387780797 0.012892529233559607
233 N 1.1778600524550127 0.008210848984420451
234 N 1.067803529455286 0.013541785793718272
235 N 1.2128949387202028 0.022995866500585674
236 N 1.220528529909451 0.01594546542220506
238 N 1.3001601853992668 0.02217844753109704
239 N 1.0439489284311498 0.006775685933397435
240 N 1.0861096573730644 0.006329667459326945
241 N 1.14839682296536 0.008583989063864136
242 N 1.065755962021726 0.011797628906224092
243 N 1.179867019528779 0.013469801856032628
244 N 1.2271811348519146 0.007571531418191865
245 N 1.2346399557766585 0.0079591209598879
246 N 1.2025543123905917 0.017691732619757913
247 N 1.3087202981564823 0.015950409036617468
248 N 1.2140073298508869 0.01020777580804071
249 N 1.1770589424698865 0.013723091697141731
250 N 1.197345353616927 0.01348804132460223
251 N 1.1284398722185642 0.02431850115691624
254 N 1.1362411308139413 0.011635000214590682
255 N 1.0461523444390561 0.007038893325105948
256 N 1.027665093853013 0.008662364697226721
257 N 0.7091717701195945 0.009769755724249672
259 N 1.2223747172070007 0.01693667820337184
261 N 1.0386769541702023 0.010501109657000933
262 N 1.117644054567596 0.010241016835423432
263 N 1.073819321058026 0.010759633284271953
264 N 1.1153528571895175 0.02934308081650337
265 N 1.1948036622797606 0.013886248666228928
266 N 1.2479260195408708 0.013822097669843134
267 N 1.1450958846942436 0.01763509500801269
271 N 1.1956258963967314 0.015382477623349019
272 N 1.2251274830790568 0.008492553697392375
273 N 1.0730359175479376 0.011094674838410137
274 N 1.0786609597575945 0.00996396378454406
275 N 1.1299173211730302 0.01456467880603485
276 N 0.7458053296096508 0.001557261378439041
279 N 1.0917530326192135 0.01890842055208254
280 N 1.1244169093081453 0.012026145410135223
281 N 0.9288245206631712 0.011713150908383574
282 N 1.058428591431898 0.01582120086876896
283 N 1.2273432289737312 0.01407004923020879
285 N 0.9490033390067772 0.00633808540403535
286 N 0.8904021098558974 0.009260593676424221
287 N 1.0495603467898353 0.004717963618310926
288 N 1.1524552486329467 0.006838523496729224
289 N 1.1305867328036994 0.007850676524741714
290 N 1.2713728893260792 0.018653638626985866
291 N 1.0894095767087673 0.010705994984094523
292 N 1.113433077100372 0.01888864661788591
293 N 1.1336569557082254 0.017392647427279816
294 N 1.0496338377209409 0.013356283575733619
295 N 1.303276592687343 0.02287230664831644
296 N 1.0207788877305246 0.009128793078808884
298 N 1.2369872130749286 0.011369171676671721
299 N 1.2034105149622891 0.01215292545769204
300 N 1.1233395552105614 0.010432139204760993
301 N 1.0975970088810114 0.03261920618569233
305 N 1.0640986841547502 0.010781892654417072
306 N 1.1460591431733738 0.005985938587061542
307 N 1.1067307618248012 0.006232936620406217
308 N 0.9194221223375726 0.006185126155037847
310 N 1.2381385080378695 0.01749847452932198
311 N 1.2556217619616161 0.012668753136866794
312 N 1.1664150395731239 0.01717010686946342
313 N 1.20803943105372 0.013206270018543291
315 N 1.017322208359686 0.009149371075711812
316 N 0.9822493863153602 0.02925550570022626
317 N 1.023501829860113 0.009414226007288373
318 N 1.1897883355467676 0.010699193023739036
319 N 1.1338887649514566 0.011895749655836438
320 N 1.0980980762604635 0.010219564741065825
322 N 1.2831185940159697 0.018967328656815774
324 N 0.5961628672024477 0.0022462501621939393
325 N 1.1822263721597892 0.00546489019128804
326 N 1.1920320634412829 0.025168059902967332
327 N 1.0704722484934024 0.01084449023376123
