8 N 21.632523591387475 1.4277757820253825
9 N 17.00950973676328 0.18692815452397543
11 N 21.31150510105363 0.8177379019781345
14 N 10.067070293914119 0.7227104383473245
15 N 24.97274126712525 0.6533753629740391
16 N 24.727434369308604 0.5757388317134673
18 N 16.12188736550755 0.22540090616999145
20 N 15.680456288451776 0.15935981117773818
21 N 17.728088512055766 0.2540336477965341
22 N 13.890787326251875 0.10034730530785844
23 N 16.15018484482868 0.12816325309371773
24 N 16.83682918987328 0.09581952491666253
25 N 16.638536125326752 0.09728662634233329
26 N 17.98193437449712 0.3328843070691976
31 N 9.32644318465836 0.09580729256037783
32 N 20.873944870886945 0.4945427502171071
33 N 22.417567386209832 0.44871310983528817
34 N 22.18595436485431 0.2789473594732575
36 N 20.766240757489616 0.5392278375257447
38 N 4.942743786905413 0.09278629585820053
39 N 19.923801142170657 0.6572357140868696
40 N 21.37543972257675 0.5983707798724625
41 N 19.808618068569388 0.5004551660804075
42 N 23.06048710074398 0.31468591267032975
43 N 20.282847397706327 0.5375066348576751
44 N 24.999777929378546 0.5492118135344232
45 N 20.717464050791097 0.5223732893728996
46 N 18.096268430722187 0.3393425047887701
47 N 21.350117881688043 0.6493784535816544
54 N 7.257125825668705 0.07285748241432467
55 N 22.523689887784364 0.5010030445333351
56 N 19.890376858178318 0.7455078291741907
57 N 19.95595067875027 0.8316666030828801
58 N 22.12594026640757 0.47135535451785954
59 N 19.876151274527103 0.620739600298997
60 N 17.5955156244418 0.33545135425127126
61 N 20.77868727181168 0.7165443760169007
62 N 20.065796768927576 0.559770348907497
63 N 21.833520743014837 0.6132596843469902
66 N 11.909425448715277 0.35923322548802533
67 N 19.794514109877404 0.732657088263936
68 N 13.984533242977445 0.37011883033405063
69 N 18.809741284071986 0.36082725607009275
70 N 20.984423119323157 0.4039726346534894
71 N 19.702801565570365 0.6243546674680917
72 N 20.681275970977115 0.3717812476423703
73 N 38.49518151756247 1.738937942450089
74 N 18.678985977472962 0.4642139219717904
75 N 16.044480482097033 0.39627049174366963
77 N 16.759157097679786 1.1838988875571417
77 N 19.977669078229898 0.5333115650494731
78 N 17.682322849670587 0.21324878810680803
79 N 23.488798328878264 1.0198864808528687
80 N 21.23389152023133 0.5025929922682946
82 N 18.48798601776891 0.230736129227217
83 N 23.25146340561638 0.4788296406035919
84 N 22.331027114456855 0.30411202881511734
85 N 21.355735432169165 0.3698129993985713
86 N 17.288828358295866 0.19611071638461203
87 N 19.46972610980231 0.4850950314305645
88 N 16.342415556726284 0.20129814838328067
89 N 21.676296391394146 0.33050459445141944
92 N 23.782231845600194 1.121733025429401
93 N 20.975737837826514 0.6153950153649562
94 N 19.767357209752614 0.4952565057806973
95 N 9.66960914692155 0.12015346795143556
96 N 23.907243861065467 0.6364171600703995
97 N 20.680997363936356 0.5974176566797714
98 N 20.68029714104699 0.5909494618533372
99 N 17.17302432309951 0.18332796834786672
100 N 24.21917635447836 0.6836649437407335
102 N 18.274511547606856 0.28549219463229125
104 N 17.90582338018794 0.6326301825723182
105 N 19.671041965675016 0.7227510073072813
106 N 21.19401815335205 1.0837813650255397
107 N 21.271998717644564 0.5535391891801856
109 N 4.451220221738925 0.09400176608568618
110 N 18.18655528525599 0.26456571605826196
112 N 19.020645555191 0.48250361088394916
113 N 19.16044811362785 0.6063990423712686
114 N 17.799783245744695 0.5228120350464022
115 N 20.374478301999808 0.6922675687964114
116 N 20.00593481319754 0.6528184148363788
117 N 20.31784558117058 0.7675103895611535
118 N 24.11668527569857 0.6102815370790275
119 N 15.894803458357499 0.31787211377678215
122 N 19.837734024265096 0.6371966885650233
123 N 19.7721060766968 0.4544813639373996
124 N 19.91207509692045 0.7041989276449737
126 N 17.505541905059122 0.22835963474119844
127 N 20.824130893885645 0.6164946029310499
128 N 15.822775133054321 0.139759425403112
129 N 19.2935935617707 0.5561075576357885
130 N 20.9736262078408 0.6664994526557615
131 N 19.391882860506556 0.48215348741822045
132 N 19.476378523568144 0.5855989422358194
133 N 19.458407001340333 0.6261152225505455
134 N 21.540296382578138 0.4826835932846064
135 N 17.941941997457185 0.47878965701453624
136 N 21.498292278697356 0.4453451865672651
137 N 22.593692670515992 1.1399067422453388
138 N 20.180768784302852 0.5266268219007727
139 N 17.196494567319213 0.09014880264239933
140 N 20.34362487845618 0.5521356492804292
141 N 19.6678676501102 0.5282839908042039
142 N 20.29354954622164 0.6370007531382983
145 N 22.230406633795567 0.49473198581748484
146 N 20.39963987272042 0.6284498464452659
147 N 17.458044317197626 0.24633982369600135
151 N 21.840533400403167 0.5178467377692085
152 N 20.037865267221708 0.5844612027393294
153 N 21.365763421858496 0.7356775300820182
154 N 25.07170797852677 0.6009385140549449
156 N 20.196900127753334 0.912814192517289
157 N 19.6229723230462 0.5506696738856646
158 N 20.618878868968253 0.5894926779403984
160 N 22.89783086782622 0.7050296236298813
161 N 26.964914171326292 0.5765586076592396
162 N 20.64402731193663 0.5293497612474148
164 N 6.486328471611116 0.06795913122293527
165 N 19.0287658131072 0.4738771815816001
166 N 17.699942047938272 0.23125010585150052
167 N 22.060639549271514 0.4654733828212215
168 N 19.548653499278004 0.34150938896912053
169 N 19.774034548245705 0.7195498790772347
170 N 17.313613041369074 3.4885955079417905
171 N 20.062522229064424 0.5977698488753648
172 N 19.377110110375973 0.8684102185298789
173 N 20.65015257299839 1.1350315403414937
174 N 23.00968906637649 0.5986372196518238
187 N 19.56952666887572 0.7052228655233956
188 N 14.335691751581042 0.27915687359596275
189 N 21.414953839109025 0.6705603447676299
190 N 5.201702953272522 0.12384798580715337
191 N 18.70946861521322 0.5165626377173569
192 N 20.0483619449175 0.586893962216741
193 N 19.21371809251261 0.5280225389335154
194 N 20.91511201945801 0.6004254429316694
195 N 12.516361181862436 0.24820054650223314
196 N 18.164908843603996 0.2481327102891482
197 N 20.15930729094278 0.6781809759401446
198 N 20.063584771015012 0.5670970369275208
199 N 21.11013101968427 0.3515438080069873
200 N 19.917943959796055 0.687069797974893
201 N 21.853700007938254 0.6024748863903445
202 N 19.99911286540036 0.7097376869945459
203 N 20.868408216976178 0.6644036157961146
204 N 20.431852429238013 0.7241995726716847
205 N 16.518205893897676 0.3362172592900612
206 N 9.969704533173493 0.019916622733276344
207 N 7.038367876682614 0.009585051789721697
208 N 4.502363366854055 0.004692560225294017
209 N 4.202048087019133 0.06013573749568206
211 N 4.878129479753769 0.005313500599202156
213 N 5.416921133237462 0.005211142322045678
215 N 3.9245734690648266 0.004702817716916605
217 N 4.332064789968043 0.004660542395739895
219 N 6.5156441967120875 0.007783834992088039
220 N 4.193727902976617 0.0049066098226790665
222 N 6.117567926960692 0.006844766665389952
223 N 5.211974948276627 0.005300078754496278
226 N 3.449911735266531 0.005301399700970684
227 N 6.4076975719138325 0.01821111080939926
228 N 7.501661803164913 0.011754716949496462
229 N 10.263703311302335 0.02802867262572544
230 N 10.978671859989571 0.03481082279212681
231 N 10.28811492094122 0.10303629037602792
233 N 19.809337582087338 0.5976960574279481
234 N 19.47577121817538 0.4618834716725998
235 N 22.013000299467873 0.7497647642494012
236 N 21.40752473123145 0.4765816406712399
237 N 17.80222066492751 0.2525436695846665
238 N 18.716058887206724 0.6333713943866234
239 N 19.732498358665104 0.6960507175696563
240 N 16.911085787050403 0.1372983675231567
241 N 22.19329703069346 0.31699007967840537
242 N 23.099609237359143 0.5588299157034116
243 N 19.80938485358409 0.7246668077376196
244 N 14.635610976918311 0.14005992234049644
245 N 20.705134913205107 0.6422043324044634
246 N 20.68222988991135 0.6420889055916448
247 N 12.66780409053293 0.22580729825453183
248 N 20.253947633135255 0.49195224856615555
249 N 16.7074476271456 0.36212960952947615
250 N 16.450353814327215 0.3231645512520201
251 N 25.753980524334064 1.0706437321259519
252 N 20.505184955554828 0.5453262239320648
254 N 17.357183807019474 0.2864992416211882
255 N 18.709344350118233 0.33879456773575584
256 N 17.162039548679477 0.20058180897403222
257 N 5.733133630179213 0.08343947209773497
259 N 8.09796828978755 0.1226592966866853
261 N 19.142574437573398 0.43641535484756083
262 N 23.57415664515646 0.5078011699796571
263 N 19.11661523070418 0.3992125580218972
264 N 26.04862340669603 1.3353241056926417
265 N 23.024666295073505 0.4864377007679537
266 N 21.8272725774043 0.6424540925575769
267 N 18.680084185856504 0.5933374458935721
269 N 20.457202076263844 0.8988785719945099
271 N 21.006881865359624 0.6798700384951396
273 N 23.493850188722604 0.5247874890816844
274 N 25.87718263467574 0.5565311995654512
275 N 19.6541781378717 0.6051465879131291
276 N 8.087053189839036 0.01790982140357249
279 N 19.461498658144993 0.6102768858290438
280 N 25.757229765510054 0.6233154272762539
281 N 22.477790469915647 0.5926517636231975
282 N 27.662720176537313 0.8369621817479705
283 N 19.785444071652854 0.5791874873550599
284 N 16.67099733020341 0.1318220975519119
285 N 18.873248808300506 0.28664718411491147
286 N 17.295611431093565 0.23827165041350243
287 N 16.860970367831218 0.11551758342912143
288 N 14.912036476662347 0.1344269520530162
289 N 20.792089497775798 0.3742973956923547
290 N 27.372856044835448 1.105290827995486
291 N 16.10096978452114 0.260233355536096
292 N 19.36591083533598 0.6354317155765944
293 N 8.463170205268009 0.19365067119888776
294 N 27.947384780690854 0.8616515542531289
295 N 21.559673564035254 0.702212117429597
296 N 17.796721530102456 0.2435551525058332
298 N 18.95597633216362 0.46066864188989093
299 N 21.578761670056075 0.568475596952936
300 N 20.51892295567763 0.4572256200300519
301 N 24.089544391201777 1.4201458177502702
305 N 20.22534167137935 0.565516663969441
306 N 23.127693257680026 0.24773473232250925
307 N 21.98407668874151 0.32418227891176354
308 N 23.366523395709528 0.32575739822711763
309 N 20.656118136262368 0.5062323789163207
310 N 18.50146629884957 0.5646110089939094
311 N 22.94704404175848 0.412209932605424
312 N 22.675258679319143 0.6843025677744051
313 N 17.563136647490403 0.9120469391739464
313 N 17.141149691983582 0.3186500787306167
314 N 21.118548150317938 0.4228407382682272
315 N 15.490251459212459 0.257326582833063
316 N 23.251922192164912 1.3849402853005024
317 N 10.91629058531039 0.17472717152871553
318 N 16.31808337965336 0.2238726088490672
319 N 19.996935424182478 0.44791015856959004
320 N 21.069003643558027 0.5656611655360011
322 N 19.87814020980188 0.7117342863609286
323 N 23.4308729949666 0.30578641214867797
324 N 7.480704368278872 0.030074337228155088
325 N 14.341787427809576 0.08680594599978501
326 N 2.1404733461693115 0.14633686433785098
327 N 20.405623899065645 0.4886263936925468
