res	ratio	error
2	0.08576732673267327	0.23417777912236276
3	0.23497267759562843	0.05291202169602942
4	0.6341463414634146	0.0777820858705813
5	0.6723404255319149	0.09666899906844925
6	0.9175977653631285	0.03573515313991106
8	0.9755244755244755	0.04604370518272999
9	0.656	0.06012475429312289
10	0.7632241813602015	0.05973769074660839
11	0.8611111111111112	0.049362629932253606
12	nan	0.07273959949159363
13	0.7967479674796748	0.0489929659969133
14	0.8718861209964412	0.029669975050605125
15	0.861557478368356	0.030759279768315606
16	0.8589511754068716	0.044940712449788194
17	0.9009708737864077	0.024636401882400356
18	0.8748387096774194	0.03232052200760319
19	0.8338235294117647	0.03609732397343591
20	0.8820826952526799	0.038496990425271146
21	0.882258064516129	0.040549551444845545
22	0.8634772462077013	0.029064055612559453
23	0.8798283261802575	0.03592337738669596
24	0.8808446455505279	0.03789306358575879
25	0.9318181818181818	0.019521500412220057
26	0.8859357696566998	0.02789218743800666
27	0.8346456692913385	0.027622169878432263
28	0.6982968369829684	0.055946060028685844
29	0.7735507246376812	0.043178404100183344
30	0.8558225508317929	0.04586658552537993
31	0.17533333333333334	0.12759957506048908
33	0.25954692556634307	0.06303234535358482
34	0.1318407960199005	0.0946044388448925
35	0.19072847682119207	0.12710058724290374
36	0.15901639344262294	0.06258759549363785
37	0.10632911392405063	0.0799941941674652
38	0.4105691056910569	0.08284327276987169
39	0.20787671232876712	0.06594306584039165
40	0.9161676646706587	0.07655134510697427
41	nan	0.32120838383101497
43	0.33352272727272725	0.11291621356597775
44	0.9	0.04973185501967038
45	0.3816155988857939	0.05620738441446305
47	0.3673469387755102	0.0819759836318218
48	0.7595190380761523	0.04744198293141272
49	0.8593272171253823	0.07601478228248149
50	0.8239202657807309	0.04057647407123543
51	0.8851132686084142	0.04073845536261141
52	0.7431372549019608	0.04605498259955885
53	0.8931082981715893	0.035550654629513234
54	0.7447478991596639	0.024691349999244515
55	0.8187134502923976	0.04749461217811584
56	0.8231578947368421	0.051406106595035285
57	0.7809694793536804	0.04294490044041794
58	0.8962472406181016	0.05588514907642203
59	0.8264669163545568	0.03053382599038393
60	0.8329979879275654	0.049368644488429654
61	0.953405017921147	0.04668014175015167
62	0.905241935483871	0.05126907485182922
63	0.8341232227488151	0.02908743949537043
64	0.8104395604395604	0.03333272511327353
65	0.8648648648648649	0.044909910512314924
66	0.9103214890016921	0.04313676210024017
67	0.8097345132743363	0.02683391282466099
68	0.8807241746538871	0.026753567638511624
69	0.8905817174515236	0.03496511332135532
70	0.8575458392101551	0.03502815116832181
71	0.8957871396895787	0.056120142285942344
72	0.8125	0.08930404404007376
73	0.7264150943396226	0.0732747703851167
74	0.9102564102564102	0.05447222331730209
75	0.874384236453202	0.06168168468133113
76	0.7782515991471215	0.05093562062957822
77	0.7902097902097902	0.05600914696599136
78	0.8071895424836601	0.039587733719923544
79	0.8374233128834356	0.025142838795162686
80	0.8791423001949318	0.04893157812034612
81	0.8811188811188811	0.04392748031448109
82	0.8803921568627451	0.04924992834521922
83	0.8824343015214384	0.03477582311534214
84	0.3780487804878049	0.0983149969429812
85	0.35993485342019543	0.03263251167655612
86	0.3731656184486373	0.04218491503110986
87	0.19292929292929292	0.09696972342538722
88	0.3282407407407407	0.09186098636944397
90	0.19047619047619047	0.06527652436747916
91	0.23548387096774193	0.12495488163033587
92	0.24365079365079365	0.07699951015268997
93	0.5414364640883977	0.05922185512427488
94	0.8176352705410822	0.04880133223408548
95	0.6871035940803383	0.04835871333973583
96	0.8220858895705522	0.07486215198365645
97	0.7730923694779116	0.04784978505576344
98	0.9732313575525813	0.05029986598585817
99	0.9105839416058394	0.04652765951019367
100	0.8850574712643678	0.07234387424584698
101	0.9245742092457421	0.0624707407728018
102	0.8499156829679595	0.04172269946580733
103	0.7896551724137931	0.08283256145512533
104	0.7986270022883295	0.055209678568829024
105	0.9180834621329211	0.03955573607527893
107	0.801923076923077	0.023236014833358413
108	0.9123376623376623	0.082855288450939
110	0.8170731707317073	0.1484460883741333
111	0.7034220532319392	0.0876398688904545
112	0.8830845771144279	0.03128237957817328
113	0.9285714285714286	0.049665428222559524
114	0.47043010752688175	0.05600600358421981
115	0.6621004566210046	0.10324233063536975
116	0.6390728476821192	0.07408389157456444
117	0.9418282548476454	0.07173794831752289
118	0.9330143540669856	0.061683634414248976
119	0.8481228668941979	0.04218376402695509
120	nan	0.05262467104071867
121	0.9331983805668016	0.05219863576168387
123	nan	0.09211421554969172
124	0.6024464831804281	0.06730641281906129
125	0.975975975975976	0.07910793942256152
126	0.7908496732026143	0.15709415135947682
128	0.2546583850931677	0.1208325863152363
129	0.21077844311377245	0.11536876309171684
130	0.2841897233201581	0.07746587326158633
131	0.3675675675675676	0.05428527187367783
132	0.8948374760994264	0.04837139965349209
133	0.8012486992715921	0.025137881073636906
134	0.947261663286004	0.05267289211350776
135	0.9441860465116279	0.040198287009684634
136	0.8534278959810875	0.05859218137043512
137	0.9066147859922179	0.04950746622914431
138	0.81875	0.07614116423181257
140	0.9376053962900506	0.0435799019454799
141	0.6682027649769585	0.05224374207706154
142	0.8052434456928839	0.04532708953677227
143	0.772609819121447	0.061559767271008335
144	0.8429752066115702	0.06792569179625206
145	0.744807121661721	0.06975321095767763
146	0.8275862068965517	0.10547863231733853
147	0.8645833333333334	0.06489981438955918
148	0.9954954954954955	0.11982555067931755
149	0.8181818181818182	0.07381329750539965
150	0.7962025316455696	0.03050396581053977
151	0.6329704510108864	0.03469921375174498
152	0.19839357429718876	0.07718789583148193
153	0.2847715736040609	0.09950186489119786
154	0.22011834319526627	0.05711144402338675
155	0.1029126213592233	0.18399924357576727
156	0.2236024844720497	0.03999564154583688
157	0.3135245901639344	0.04048608256300659
158	0.33146067415730335	0.037192862033677034
159	0.3060240963855422	0.04750690939687376
160	0.33098591549295775	0.04661543222332077
161	0.12117117117117117	0.08554165494170057
162	0.1780373831775701	0.08948040132622294
163	0.3072916666666667	0.05136034760965205
164	0.7356589147286822	0.18142807705720684
165	0.8303571428571429	0.10939455994938461
166	0.9273743016759777	0.14363877245814485
167	0.7828746177370031	0.07321844962722528
168	0.8509316770186336	0.05125045414065973
169	0.7443762781186094	0.048061311295169704
170	0.8561946902654868	0.05490793151070039
171	0.8226415094339623	0.023029919617277995
172	0.6375	0.016439251249528348
