SIMFIT RESULTS
==============

Dataset : D:\OneDrive - NTNU\NMR_data\data\800\nmr/fractions/35/pdata/1/ct1t2.txt

AREA fit : Diffusion : Variable Gradient :

I=I[0]*exp(-D*SQR(2*PI*gamma*Gi*LD)*(BD-LD/3)*1e4)

31 points for Integral 1,  Integral Region from 0.984 to 0.929 ppm

Converged after 58 iterations!

Results     Comp. 1    

I[0]           =   1.864e-01  
Diff Con.      =   1.130e-10 m2/s
Gamma          =   4.258e+03 Hz/G
Little Delta   =      2.000m
Big Delta      =    149.900m

RSS   =    1.057e-03
SD    =    5.840e-03

Point     Gradient       Expt          Calc       Difference

    1    2.408e+00     1.940e-01     1.859e-01   -8.157e-03
    2    3.805e+00     1.709e-01     1.851e-01    1.414e-02
    3    5.203e+00     1.993e-01     1.840e-01   -1.536e-02
    4    6.601e+00     1.877e-01     1.825e-01   -5.232e-03
    5    9.397e+00     1.798e-01     1.786e-01   -1.239e-03
    6    1.080e+01     1.586e-01     1.762e-01    1.755e-02
    7    1.219e+01     1.810e-01     1.735e-01   -7.499e-03
    8    1.359e+01     1.718e-01     1.705e-01   -1.362e-03
    9    1.499e+01     1.699e-01     1.672e-01   -2.625e-03
   10    1.639e+01     1.574e-01     1.637e-01    6.373e-03
   11    1.778e+01     1.590e-01     1.600e-01    9.863e-04
   12    1.918e+01     1.619e-01     1.561e-01   -5.860e-03
   13    2.058e+01     1.505e-01     1.519e-01    1.386e-03
   14    2.198e+01     1.416e-01     1.476e-01    5.997e-03
   15    2.338e+01     1.430e-01     1.432e-01    1.505e-04
   16    2.477e+01     1.374e-01     1.386e-01    1.173e-03
   17    2.617e+01     1.325e-01     1.339e-01    1.425e-03
   18    2.757e+01     1.272e-01     1.291e-01    1.981e-03
   19    2.897e+01     1.244e-01     1.243e-01   -7.229e-05
   20    3.037e+01     1.179e-01     1.194e-01    1.522e-03
   21    3.176e+01     1.127e-01     1.145e-01    1.804e-03
   22    3.316e+01     1.086e-01     1.096e-01    1.066e-03
   23    3.456e+01     1.042e-01     1.047e-01    5.507e-04
   24    3.596e+01     1.001e-01     9.987e-02   -2.575e-04
   25    3.735e+01     9.609e-02     9.505e-02   -1.045e-03
   26    3.875e+01     8.981e-02     9.029e-02    4.829e-04
   27    4.015e+01     8.609e-02     8.561e-02   -4.744e-04
   28    4.155e+01     8.272e-02     8.102e-02   -1.704e-03
   29    4.295e+01     8.024e-02     7.653e-02   -3.709e-03
   30    4.435e+01     7.349e-02     7.215e-02   -1.331e-03
   31    4.574e+01     7.005e-02     6.790e-02   -2.154e-03

============================================================


32 points for Integral 2,  Integral Region from 0.842 to 0.797 ppm

Converged after 48 iterations!

Results     Comp. 1    

I[0]           =   9.254e-01  
Diff Con.      =   1.146e-10 m2/s
Gamma          =   4.258e+03 Hz/G
Little Delta   =      2.000m
Big Delta      =    149.900m

RSS   =    5.026e-03
SD    =    1.253e-02

Point     Gradient       Expt          Calc       Difference

    1    2.408e+00     9.493e-01     9.228e-01   -2.653e-02
    2    3.805e+00     9.222e-01     9.189e-01   -3.386e-03
    3    5.203e+00     9.396e-01     9.132e-01   -2.636e-02
    4    6.601e+00     9.216e-01     9.059e-01   -1.569e-02
    5    7.999e+00     8.506e-01     8.969e-01    4.631e-02
    6    9.397e+00     8.916e-01     8.863e-01   -5.387e-03
    7    1.080e+01     8.596e-01     8.741e-01    1.449e-02
    8    1.219e+01     8.694e-01     8.604e-01   -8.922e-03
    9    1.359e+01     8.444e-01     8.454e-01    9.695e-04
   10    1.499e+01     8.360e-01     8.290e-01   -6.924e-03
   11    1.639e+01     8.061e-01     8.114e-01    5.289e-03
   12    1.778e+01     7.927e-01     7.927e-01   -8.572e-06
   13    1.918e+01     7.751e-01     7.729e-01   -2.198e-03
   14    2.058e+01     7.416e-01     7.521e-01    1.058e-02
   15    2.198e+01     7.182e-01     7.306e-01    1.231e-02
   16    2.338e+01     6.998e-01     7.082e-01    8.382e-03
   17    2.477e+01     6.818e-01     6.853e-01    3.463e-03
   18    2.617e+01     6.550e-01     6.618e-01    6.791e-03
   19    2.757e+01     6.284e-01     6.379e-01    9.496e-03
   20    2.897e+01     6.142e-01     6.137e-01   -5.218e-04
   21    3.037e+01     5.887e-01     5.893e-01    6.281e-04
   22    3.176e+01     5.626e-01     5.648e-01    2.131e-03
   23    3.316e+01     5.363e-01     5.402e-01    3.970e-03
   24    3.456e+01     5.099e-01     5.158e-01    5.878e-03
   25    3.596e+01     4.928e-01     4.915e-01   -1.288e-03
   26    3.735e+01     4.713e-01     4.674e-01   -3.897e-03
   27    3.875e+01     4.447e-01     4.437e-01   -9.430e-04
   28    4.015e+01     4.248e-01     4.204e-01   -4.398e-03
   29    4.155e+01     4.031e-01     3.975e-01   -5.524e-03
   30    4.295e+01     3.866e-01     3.752e-01   -1.141e-02
   31    4.435e+01     3.597e-01     3.534e-01   -6.225e-03
   32    4.574e+01     3.394e-01     3.323e-01   -7.050e-03

============================================================


32 points for Integral 3,  Integral Region from 0.795 to 0.761 ppm

Converged after 46 iterations!

Results     Comp. 1    

I[0]           =   5.143e-01  
Diff Con.      =   1.159e-10 m2/s
Gamma          =   4.258e+03 Hz/G
Little Delta   =      2.000m
Big Delta      =    149.900m

RSS   =    2.075e-03
SD    =    8.052e-03

Point     Gradient       Expt          Calc       Difference

    1    2.408e+00     5.291e-01     5.128e-01   -1.631e-02
    2    3.805e+00     5.105e-01     5.106e-01    8.580e-05
    3    5.203e+00     5.277e-01     5.074e-01   -2.022e-02
    4    6.601e+00     5.145e-01     5.033e-01   -1.114e-02
    5    7.999e+00     4.685e-01     4.983e-01    2.974e-02
    6    9.397e+00     4.958e-01     4.923e-01   -3.462e-03
    7    1.080e+01     4.771e-01     4.855e-01    8.350e-03
    8    1.219e+01     4.825e-01     4.778e-01   -4.681e-03
    9    1.359e+01     4.707e-01     4.694e-01   -1.321e-03
   10    1.499e+01     4.622e-01     4.602e-01   -2.006e-03
   11    1.639e+01     4.454e-01     4.503e-01    4.870e-03
   12    1.778e+01     4.383e-01     4.398e-01    1.495e-03
   13    1.918e+01     4.284e-01     4.287e-01    2.700e-04
   14    2.058e+01     4.127e-01     4.170e-01    4.319e-03
   15    2.198e+01     3.989e-01     4.049e-01    6.067e-03
   16    2.338e+01     3.893e-01     3.924e-01    3.107e-03
   17    2.477e+01     3.756e-01     3.796e-01    3.985e-03
   18    2.617e+01     3.622e-01     3.664e-01    4.243e-03
   19    2.757e+01     3.481e-01     3.530e-01    4.978e-03
   20    2.897e+01     3.368e-01     3.395e-01    2.676e-03
   21    3.037e+01     3.240e-01     3.258e-01    1.805e-03
   22    3.176e+01     3.107e-01     3.121e-01    1.387e-03
   23    3.316e+01     2.965e-01     2.984e-01    1.899e-03
   24    3.456e+01     2.833e-01     2.848e-01    1.458e-03
   25    3.596e+01     2.721e-01     2.712e-01   -9.462e-04
   26    3.735e+01     2.590e-01     2.578e-01   -1.213e-03
   27    3.875e+01     2.457e-01     2.446e-01   -1.125e-03
   28    4.015e+01     2.340e-01     2.316e-01   -2.415e-03
   29    4.155e+01     2.222e-01     2.188e-01   -3.361e-03
   30    4.295e+01     2.129e-01     2.064e-01   -6.475e-03
   31    4.435e+01     1.995e-01     1.943e-01   -5.210e-03
   32    4.574e+01     1.875e-01     1.826e-01   -4.935e-03

============================================================


32 points for Integral 4,  Integral Region from 0.761 to 0.685 ppm

Converged after 45 iterations!

Results     Comp. 1    

I[0]           =   8.594e-01  
Diff Con.      =   1.122e-10 m2/s
Gamma          =   4.258e+03 Hz/G
Little Delta   =      2.000m
Big Delta      =    149.900m

RSS   =    8.789e-03
SD    =    1.657e-02

Point     Gradient       Expt          Calc       Difference

    1    2.408e+00     8.881e-01     8.570e-01   -3.107e-02
    2    3.805e+00     8.503e-01     8.534e-01    3.160e-03
    3    5.203e+00     8.904e-01     8.483e-01   -4.209e-02
    4    6.601e+00     8.638e-01     8.416e-01   -2.217e-02
    5    7.999e+00     7.691e-01     8.334e-01    6.429e-02
    6    9.397e+00     8.311e-01     8.238e-01   -7.299e-03
    7    1.080e+01     7.935e-01     8.127e-01    1.920e-02
    8    1.219e+01     8.120e-01     8.003e-01   -1.170e-02
    9    1.359e+01     7.906e-01     7.866e-01   -4.041e-03
   10    1.499e+01     7.745e-01     7.717e-01   -2.886e-03
   11    1.639e+01     7.460e-01     7.556e-01    9.640e-03
   12    1.778e+01     7.358e-01     7.385e-01    2.729e-03
   13    1.918e+01     7.235e-01     7.204e-01   -3.032e-03
   14    2.058e+01     6.941e-01     7.015e-01    7.408e-03
   15    2.198e+01     6.706e-01     6.818e-01    1.119e-02
   16    2.338e+01     6.570e-01     6.614e-01    4.401e-03
   17    2.477e+01     6.331e-01     6.404e-01    7.255e-03
   18    2.617e+01     6.119e-01     6.189e-01    6.945e-03
   19    2.757e+01     5.889e-01     5.970e-01    8.103e-03
   20    2.897e+01     5.694e-01     5.748e-01    5.393e-03
   21    3.037e+01     5.492e-01     5.524e-01    3.138e-03
   22    3.176e+01     5.275e-01     5.299e-01    2.362e-03
   23    3.316e+01     5.058e-01     5.073e-01    1.550e-03
   24    3.456e+01     4.824e-01     4.848e-01    2.440e-03
   25    3.596e+01     4.630e-01     4.624e-01   -5.310e-04
   26    3.735e+01     4.423e-01     4.403e-01   -2.002e-03
   27    3.875e+01     4.201e-01     4.184e-01   -1.727e-03
   28    4.015e+01     4.006e-01     3.968e-01   -3.807e-03
   29    4.155e+01     3.814e-01     3.757e-01   -5.689e-03
   30    4.295e+01     3.646e-01     3.550e-01   -9.567e-03
   31    4.435e+01     3.431e-01     3.348e-01   -8.273e-03
   32    4.574e+01     3.247e-01     3.152e-01   -9.499e-03

============================================================


32 points for Integral 5,  Integral Region from 0.681 to 0.578 ppm

Converged after 41 iterations!

Results     Comp. 1    

I[0]           =   9.657e-01  
Diff Con.      =   1.098e-10 m2/s
Gamma          =   4.258e+03 Hz/G
Little Delta   =      2.000m
Big Delta      =    149.900m

RSS   =    1.094e-02
SD    =    1.849e-02

Point     Gradient       Expt          Calc       Difference

    1    2.408e+00     9.916e-01     9.630e-01   -2.860e-02
    2    3.805e+00     9.467e-01     9.591e-01    1.242e-02
    3    5.203e+00     1.000e+00     9.535e-01   -4.652e-02
    4    6.601e+00     9.687e-01     9.461e-01   -2.253e-02
    5    7.999e+00     8.614e-01     9.371e-01    7.567e-02
    6    9.397e+00     9.345e-01     9.265e-01   -8.051e-03
    7    1.080e+01     8.895e-01     9.143e-01    2.476e-02
    8    1.219e+01     9.176e-01     9.006e-01   -1.696e-02
    9    1.359e+01     8.914e-01     8.855e-01   -5.931e-03
   10    1.499e+01     8.746e-01     8.691e-01   -5.579e-03
   11    1.639e+01     8.418e-01     8.514e-01    9.544e-03
   12    1.778e+01     8.326e-01     8.325e-01   -9.250e-05
   13    1.918e+01     8.205e-01     8.126e-01   -7.980e-03
   14    2.058e+01     7.874e-01     7.916e-01    4.241e-03
   15    2.198e+01     7.589e-01     7.698e-01    1.090e-02
   16    2.338e+01     7.470e-01     7.473e-01    3.227e-04
   17    2.477e+01     7.172e-01     7.241e-01    6.808e-03
   18    2.617e+01     6.959e-01     7.003e-01    4.340e-03
   19    2.757e+01     6.714e-01     6.760e-01    4.612e-03
   20    2.897e+01     6.474e-01     6.514e-01    3.958e-03
   21    3.037e+01     6.251e-01     6.265e-01    1.482e-03
   22    3.176e+01     5.989e-01     6.015e-01    2.597e-03
   23    3.316e+01     5.744e-01     5.765e-01    2.012e-03
   24    3.456e+01     5.508e-01     5.514e-01    5.819e-04
   25    3.596e+01     5.271e-01     5.265e-01   -6.069e-04
   26    3.735e+01     5.031e-01     5.018e-01   -1.306e-03
   27    3.875e+01     4.794e-01     4.773e-01   -2.061e-03
   28    4.015e+01     4.540e-01     4.533e-01   -7.485e-04
   29    4.155e+01     4.316e-01     4.296e-01   -2.012e-03
   30    4.295e+01     4.143e-01     4.065e-01   -7.864e-03
   31    4.435e+01     3.895e-01     3.838e-01   -5.662e-03
   32    4.574e+01     3.673e-01     3.618e-01   -5.466e-03

============================================================


32 points for Integral 6,  Integral Region from 0.578 to 0.504 ppm

Converged after 51 iterations!

Results     Comp. 1    

I[0]           =   4.401e-01  
Diff Con.      =   1.050e-10 m2/s
Gamma          =   4.258e+03 Hz/G
Little Delta   =      2.000m
Big Delta      =    149.900m

RSS   =    4.397e-03
SD    =    1.172e-02

Point     Gradient       Expt          Calc       Difference

    1    2.408e+00     4.511e-01     4.390e-01   -1.205e-02
    2    3.805e+00     4.205e-01     4.373e-01    1.676e-02
    3    5.203e+00     4.613e-01     4.348e-01   -2.647e-02
    4    6.601e+00     4.435e-01     4.316e-01   -1.191e-02
    5    7.999e+00     3.799e-01     4.277e-01    4.784e-02
    6    9.397e+00     4.263e-01     4.231e-01   -3.263e-03
    7    1.080e+01     3.989e-01     4.177e-01    1.883e-02
    8    1.219e+01     4.255e-01     4.118e-01   -1.371e-02
    9    1.359e+01     4.113e-01     4.052e-01   -6.161e-03
   10    1.499e+01     4.064e-01     3.980e-01   -8.426e-03
   11    1.639e+01     3.871e-01     3.902e-01    3.075e-03
   12    1.778e+01     3.851e-01     3.819e-01   -3.116e-03
   13    1.918e+01     3.829e-01     3.732e-01   -9.685e-03
   14    2.058e+01     3.646e-01     3.640e-01   -6.364e-04
   15    2.198e+01     3.493e-01     3.544e-01    5.162e-03
   16    2.338e+01     3.464e-01     3.445e-01   -1.939e-03
   17    2.477e+01     3.340e-01     3.342e-01    2.420e-04
   18    2.617e+01     3.226e-01     3.237e-01    1.105e-03
   19    2.757e+01     3.107e-01     3.130e-01    2.306e-03
   20    2.897e+01     3.019e-01     3.021e-01    1.833e-04
   21    3.037e+01     2.920e-01     2.911e-01   -9.703e-04
   22    3.176e+01     2.804e-01     2.800e-01   -4.265e-04
   23    3.316e+01     2.662e-01     2.688e-01    2.564e-03
   24    3.456e+01     2.553e-01     2.576e-01    2.331e-03
   25    3.596e+01     2.456e-01     2.465e-01    8.422e-04
   26    3.735e+01     2.348e-01     2.354e-01    6.425e-04
   27    3.875e+01     2.243e-01     2.244e-01    1.396e-04
   28    4.015e+01     2.134e-01     2.136e-01    2.213e-04
   29    4.155e+01     2.041e-01     2.029e-01   -1.196e-03
   30    4.295e+01     1.956e-01     1.925e-01   -3.140e-03
   31    4.435e+01     1.825e-01     1.822e-01   -3.251e-04
   32    4.574e+01     1.709e-01     1.722e-01    1.281e-03

============================================================


32 points for Integral 7,  Integral Region from 0.504 to 0.430 ppm

Converged after 53 iterations!

Results     Comp. 1    

I[0]           =   2.644e-01  
Diff Con.      =   9.867e-11 m2/s
Gamma          =   4.258e+03 Hz/G
Little Delta   =      2.000m
Big Delta      =    149.900m

RSS   =    3.584e-03
SD    =    1.058e-02

Point     Gradient       Expt          Calc       Difference

    1    2.408e+00     2.709e-01     2.638e-01   -7.114e-03
    2    3.805e+00     2.426e-01     2.628e-01    2.016e-02
    3    5.203e+00     2.832e-01     2.614e-01   -2.181e-02
    4    6.601e+00     2.685e-01     2.596e-01   -8.932e-03
    5    7.999e+00     2.152e-01     2.574e-01    4.217e-02
    6    9.397e+00     2.585e-01     2.547e-01   -3.786e-03
    7    1.080e+01     2.341e-01     2.517e-01    1.761e-02
    8    1.219e+01     2.614e-01     2.483e-01   -1.307e-02
    9    1.359e+01     2.517e-01     2.446e-01   -7.143e-03
   10    1.499e+01     2.476e-01     2.405e-01   -7.087e-03
   11    1.639e+01     2.340e-01     2.361e-01    2.136e-03
   12    1.778e+01     2.363e-01     2.314e-01   -4.862e-03
   13    1.918e+01     2.370e-01     2.264e-01   -1.058e-02
   14    2.058e+01     2.236e-01     2.212e-01   -2.410e-03
   15    2.198e+01     2.132e-01     2.157e-01    2.476e-03
   16    2.338e+01     2.138e-01     2.100e-01   -3.769e-03
   17    2.477e+01     2.059e-01     2.041e-01   -1.766e-03
   18    2.617e+01     1.988e-01     1.981e-01   -6.738e-04
   19    2.757e+01     1.930e-01     1.919e-01   -1.077e-03
   20    2.897e+01     1.863e-01     1.856e-01   -6.775e-04
   21    3.037e+01     1.791e-01     1.793e-01    1.785e-04
   22    3.176e+01     1.722e-01     1.728e-01    5.894e-04
   23    3.316e+01     1.648e-01     1.663e-01    1.545e-03
   24    3.456e+01     1.582e-01     1.598e-01    1.615e-03
   25    3.596e+01     1.530e-01     1.533e-01    2.939e-04
   26    3.735e+01     1.462e-01     1.468e-01    6.628e-04
   27    3.875e+01     1.394e-01     1.404e-01    1.005e-03
   28    4.015e+01     1.327e-01     1.340e-01    1.313e-03
   29    4.155e+01     1.244e-01     1.277e-01    3.291e-03
   30    4.295e+01     1.231e-01     1.215e-01   -1.577e-03
   31    4.435e+01     1.145e-01     1.154e-01    9.087e-04
   32    4.574e+01     1.080e-01     1.094e-01    1.488e-03

============================================================


32 points for Integral 8,  Integral Region from 0.396 to 0.299 ppm

Converged after 52 iterations!

Results     Comp. 1    

I[0]           =   2.940e-01  
Diff Con.      =   9.740e-11 m2/s
Gamma          =   4.258e+03 Hz/G
Little Delta   =      2.000m
Big Delta      =    149.900m

RSS   =    4.968e-03
SD    =    1.246e-02

Point     Gradient       Expt          Calc       Difference

    1    2.408e+00     2.946e-01     2.933e-01   -1.301e-03
    2    3.805e+00     2.633e-01     2.922e-01    2.890e-02
    3    5.203e+00     3.153e-01     2.907e-01   -2.459e-02
    4    6.601e+00     2.964e-01     2.887e-01   -7.662e-03
    5    7.999e+00     2.440e-01     2.863e-01    4.227e-02
    6    9.397e+00     2.873e-01     2.834e-01   -3.851e-03
    7    1.080e+01     2.553e-01     2.801e-01    2.478e-02
    8    1.219e+01     2.936e-01     2.764e-01   -1.724e-02
    9    1.359e+01     2.810e-01     2.723e-01   -8.695e-03
   10    1.499e+01     2.787e-01     2.678e-01   -1.097e-02
   11    1.639e+01     2.598e-01     2.629e-01    3.144e-03
   12    1.778e+01     2.645e-01     2.578e-01   -6.696e-03
   13    1.918e+01     2.710e-01     2.523e-01   -1.868e-02
   14    2.058e+01     2.516e-01     2.465e-01   -5.110e-03
   15    2.198e+01     2.393e-01     2.405e-01    1.179e-03
   16    2.338e+01     2.408e-01     2.342e-01   -6.539e-03
   17    2.477e+01     2.295e-01     2.277e-01   -1.705e-03
   18    2.617e+01     2.232e-01     2.211e-01   -2.060e-03
   19    2.757e+01     2.158e-01     2.143e-01   -1.508e-03
   20    2.897e+01     2.078e-01     2.074e-01   -4.532e-04
   21    3.037e+01     2.023e-01     2.003e-01   -1.967e-03
   22    3.176e+01     1.934e-01     1.932e-01   -2.195e-04
   23    3.316e+01     1.841e-01     1.861e-01    2.004e-03
   24    3.456e+01     1.780e-01     1.789e-01    8.802e-04
   25    3.596e+01     1.710e-01     1.717e-01    7.129e-04
   26    3.735e+01     1.624e-01     1.645e-01    2.116e-03
   27    3.875e+01     1.539e-01     1.574e-01    3.444e-03
   28    4.015e+01     1.457e-01     1.503e-01    4.677e-03
   29    4.155e+01     1.402e-01     1.434e-01    3.190e-03
   30    4.295e+01     1.378e-01     1.365e-01   -1.357e-03
   31    4.435e+01     1.268e-01     1.297e-01    2.906e-03
   32    4.574e+01     1.205e-01     1.231e-01    2.639e-03

============================================================


32 points for Integral 9,  Integral Region from 0.298 to 0.213 ppm

Converged after 59 iterations!

Results     Comp. 1    

I[0]           =   1.298e-01  
Diff Con.      =   8.290e-11 m2/s
Gamma          =   4.258e+03 Hz/G
Little Delta   =      2.000m
Big Delta      =    149.900m

RSS   =    3.430e-03
SD    =    1.035e-02

Point     Gradient       Expt          Calc       Difference

    1    2.408e+00     1.266e-01     1.296e-01    3.003e-03
    2    3.805e+00     9.828e-02     1.292e-01    3.088e-02
    3    5.203e+00     1.452e-01     1.286e-01   -1.662e-02
    4    6.601e+00     1.307e-01     1.278e-01   -2.909e-03
    5    7.999e+00     9.743e-02     1.269e-01    2.949e-02
    6    9.397e+00     1.285e-01     1.258e-01   -2.664e-03
    7    1.080e+01     1.040e-01     1.246e-01    2.057e-02
    8    1.219e+01     1.372e-01     1.232e-01   -1.404e-02
    9    1.359e+01     1.299e-01     1.216e-01   -8.259e-03
   10    1.499e+01     1.305e-01     1.199e-01   -1.063e-02
   11    1.639e+01     1.183e-01     1.181e-01   -2.871e-04
   12    1.778e+01     1.236e-01     1.161e-01   -7.571e-03
   13    1.918e+01     1.287e-01     1.140e-01   -1.475e-02
   14    2.058e+01     1.193e-01     1.117e-01   -7.544e-03
   15    2.198e+01     1.103e-01     1.094e-01   -8.499e-04
   16    2.338e+01     1.142e-01     1.070e-01   -7.171e-03
   17    2.477e+01     1.070e-01     1.045e-01   -2.555e-03
   18    2.617e+01     1.047e-01     1.019e-01   -2.866e-03
   19    2.757e+01     1.027e-01     9.919e-02   -3.487e-03
   20    2.897e+01     9.850e-02     9.645e-02   -2.043e-03
   21    3.037e+01     9.557e-02     9.366e-02   -1.911e-03
   22    3.176e+01     9.141e-02     9.083e-02   -5.884e-04
   23    3.316e+01     8.650e-02     8.795e-02    1.454e-03
   24    3.456e+01     8.439e-02     8.505e-02    6.620e-04
   25    3.596e+01     8.120e-02     8.213e-02    9.313e-04
   26    3.735e+01     7.615e-02     7.921e-02    3.054e-03
   27    3.875e+01     7.336e-02     7.628e-02    2.923e-03
   28    4.015e+01     7.023e-02     7.336e-02    3.124e-03
   29    4.155e+01     6.649e-02     7.045e-02    3.959e-03
   30    4.295e+01     6.742e-02     6.756e-02    1.427e-04
   31    4.435e+01     6.003e-02     6.470e-02    4.671e-03
   32    4.574e+01     5.779e-02     6.188e-02    4.095e-03

============================================================


32 points for Integral 10,  Integral Region from 0.172 to 0.120 ppm

Converged after 69 iterations!

Results     Comp. 1    

I[0]           =   4.770e-02  
Diff Con.      =   7.005e-11 m2/s
Gamma          =   4.258e+03 Hz/G
Little Delta   =      2.000m
Big Delta      =    149.900m

RSS   =    1.132e-03
SD    =    5.947e-03

Point     Gradient       Expt          Calc       Difference

    1    2.408e+00     4.401e-02     4.762e-02    3.612e-03
    2    3.805e+00     2.856e-02     4.750e-02    1.894e-02
    3    5.203e+00     5.714e-02     4.732e-02   -9.826e-03
    4    6.601e+00     4.768e-02     4.708e-02   -5.971e-04
    5    7.999e+00     3.337e-02     4.680e-02    1.342e-02
    6    9.397e+00     4.721e-02     4.646e-02   -7.550e-04
    7    1.080e+01     3.329e-02     4.607e-02    1.278e-02
    8    1.219e+01     5.422e-02     4.563e-02   -8.589e-03
    9    1.359e+01     5.041e-02     4.514e-02   -5.272e-03
   10    1.499e+01     5.028e-02     4.460e-02   -5.677e-03
   11    1.639e+01     4.441e-02     4.402e-02   -3.914e-04
   12    1.778e+01     4.708e-02     4.339e-02   -3.683e-03
   13    1.918e+01     5.241e-02     4.273e-02   -9.680e-03
   14    2.058e+01     4.613e-02     4.202e-02   -4.101e-03
   15    2.198e+01     4.132e-02     4.128e-02   -4.051e-05
   16    2.338e+01     4.448e-02     4.051e-02   -3.973e-03
   17    2.477e+01     4.238e-02     3.970e-02   -2.684e-03
   18    2.617e+01     4.037e-02     3.886e-02   -1.509e-03
   19    2.757e+01     3.959e-02     3.800e-02   -1.592e-03
   20    2.897e+01     3.855e-02     3.711e-02   -1.444e-03
   21    3.037e+01     3.698e-02     3.620e-02   -7.846e-04
   22    3.176e+01     3.642e-02     3.527e-02   -1.144e-03
   23    3.316e+01     3.410e-02     3.433e-02    2.299e-04
   24    3.456e+01     3.284e-02     3.337e-02    5.313e-04
   25    3.596e+01     3.230e-02     3.240e-02    1.006e-04
   26    3.735e+01     3.020e-02     3.142e-02    1.223e-03
   27    3.875e+01     2.898e-02     3.043e-02    1.452e-03
   28    4.015e+01     2.763e-02     2.945e-02    1.821e-03
   29    4.155e+01     2.583e-02     2.846e-02    2.628e-03
   30    4.295e+01     2.661e-02     2.747e-02    8.596e-04
   31    4.435e+01     2.455e-02     2.648e-02    1.929e-03
   32    4.574e+01     2.227e-02     2.550e-02    3.232e-03

============================================================

