SIMFIT RESULTS
==============

Dataset : D:\OneDrive - NTNU\NMR_data\data\800\nmr/fractions/43/pdata/1/ct1t2.txt

AREA fit : Diffusion : Variable Gradient :

I=I[0]*exp(-D*SQR(2*PI*gamma*Gi*LD)*(BD-LD/3)*1e4)

32 points for Integral 1,  Integral Region from 0.984 to 0.929 ppm

Converged after 43 iterations!

Results     Comp. 1    

I[0]           =   7.139e-01  
Diff Con.      =   1.119e-10 m2/s
Gamma          =   4.258e+03 Hz/G
Little Delta   =      2.000m
Big Delta      =    149.900m

RSS   =    3.872e-03
SD    =    1.100e-02

Point     Gradient       Expt          Calc       Difference

    1    2.408e+00     7.369e-01     7.119e-01   -2.495e-02
    2    3.805e+00     7.145e-01     7.090e-01   -5.462e-03
    3    5.203e+00     7.247e-01     7.047e-01   -2.001e-02
    4    6.601e+00     7.142e-01     6.992e-01   -1.496e-02
    5    7.999e+00     6.889e-01     6.924e-01    3.561e-03
    6    9.397e+00     6.505e-01     6.844e-01    3.395e-02
    7    1.080e+01     6.883e-01     6.752e-01   -1.304e-02
    8    1.219e+01     6.743e-01     6.650e-01   -9.315e-03
    9    1.359e+01     6.541e-01     6.536e-01   -4.892e-04
   10    1.499e+01     6.401e-01     6.412e-01    1.106e-03
   11    1.639e+01     6.190e-01     6.279e-01    8.986e-03
   12    1.778e+01     6.101e-01     6.138e-01    3.653e-03
   13    1.918e+01     5.913e-01     5.988e-01    7.472e-03
   14    2.058e+01     5.718e-01     5.831e-01    1.135e-02
   15    2.198e+01     5.571e-01     5.668e-01    9.707e-03
   16    2.338e+01     5.400e-01     5.498e-01    9.859e-03
   17    2.477e+01     5.224e-01     5.324e-01    1.001e-02
   18    2.617e+01     5.060e-01     5.146e-01    8.598e-03
   19    2.757e+01     4.897e-01     4.965e-01    6.770e-03
   20    2.897e+01     4.715e-01     4.781e-01    6.542e-03
   21    3.037e+01     4.540e-01     4.595e-01    5.548e-03
   22    3.176e+01     4.374e-01     4.408e-01    3.443e-03
   23    3.316e+01     4.210e-01     4.221e-01    1.106e-03
   24    3.456e+01     4.041e-01     4.034e-01   -6.019e-04
   25    3.596e+01     3.865e-01     3.849e-01   -1.597e-03
   26    3.735e+01     3.700e-01     3.665e-01   -3.504e-03
   27    3.875e+01     3.525e-01     3.483e-01   -4.158e-03
   28    4.015e+01     3.357e-01     3.304e-01   -5.270e-03
   29    4.155e+01     3.195e-01     3.129e-01   -6.587e-03
   30    4.295e+01     3.043e-01     2.957e-01   -8.552e-03
   31    4.435e+01     2.889e-01     2.790e-01   -9.931e-03
   32    4.574e+01     2.736e-01     2.627e-01   -1.093e-02

============================================================


32 points for Integral 2,  Integral Region from 0.842 to 0.797 ppm

Converged after 44 iterations!

Results     Comp. 1    

I[0]           =   7.027e-01  
Diff Con.      =   1.263e-10 m2/s
Gamma          =   4.258e+03 Hz/G
Little Delta   =      2.000m
Big Delta      =    149.900m

RSS   =    2.617e-03
SD    =    9.043e-03

Point     Gradient       Expt          Calc       Difference

    1    2.408e+00     7.199e-01     7.005e-01   -1.945e-02
    2    3.805e+00     7.008e-01     6.972e-01   -3.607e-03
    3    5.203e+00     7.069e-01     6.925e-01   -1.442e-02
    4    6.601e+00     6.984e-01     6.863e-01   -1.206e-02
    5    7.999e+00     6.800e-01     6.788e-01   -1.216e-03
    6    9.397e+00     6.428e-01     6.700e-01    2.718e-02
    7    1.080e+01     6.706e-01     6.598e-01   -1.081e-02
    8    1.219e+01     6.563e-01     6.485e-01   -7.845e-03
    9    1.359e+01     6.362e-01     6.360e-01   -2.290e-04
   10    1.499e+01     6.212e-01     6.224e-01    1.227e-03
   11    1.639e+01     6.001e-01     6.079e-01    7.777e-03
   12    1.778e+01     5.897e-01     5.924e-01    2.736e-03
   13    1.918e+01     5.707e-01     5.761e-01    5.391e-03
   14    2.058e+01     5.503e-01     5.591e-01    8.818e-03
   15    2.198e+01     5.335e-01     5.414e-01    7.896e-03
   16    2.338e+01     5.148e-01     5.232e-01    8.380e-03
   17    2.477e+01     4.959e-01     5.046e-01    8.629e-03
   18    2.617e+01     4.773e-01     4.855e-01    8.238e-03
   19    2.757e+01     4.597e-01     4.662e-01    6.572e-03
   20    2.897e+01     4.404e-01     4.468e-01    6.350e-03
   21    3.037e+01     4.227e-01     4.272e-01    4.527e-03
   22    3.176e+01     4.041e-01     4.077e-01    3.528e-03
   23    3.316e+01     3.865e-01     3.882e-01    1.654e-03
   24    3.456e+01     3.678e-01     3.689e-01    1.092e-03
   25    3.596e+01     3.509e-01     3.498e-01   -1.104e-03
   26    3.735e+01     3.334e-01     3.309e-01   -2.433e-03
   27    3.875e+01     3.168e-01     3.125e-01   -4.374e-03
   28    4.015e+01     3.007e-01     2.944e-01   -6.329e-03
   29    4.155e+01     2.829e-01     2.768e-01   -6.054e-03
   30    4.295e+01     2.685e-01     2.597e-01   -8.793e-03
   31    4.435e+01     2.529e-01     2.432e-01   -9.704e-03
   32    4.574e+01     2.376e-01     2.272e-01   -1.036e-02

============================================================


32 points for Integral 3,  Integral Region from 0.795 to 0.762 ppm

Converged after 55 iterations!

Results     Comp. 1    

I[0]           =   5.323e-01  
Diff Con.      =   1.202e-10 m2/s
Gamma          =   4.258e+03 Hz/G
Little Delta   =      2.000m
Big Delta      =    149.900m

RSS   =    1.727e-03
SD    =    7.347e-03

Point     Gradient       Expt          Calc       Difference

    1    2.408e+00     5.462e-01     5.307e-01   -1.547e-02
    2    3.805e+00     5.320e-01     5.284e-01   -3.645e-03
    3    5.203e+00     5.371e-01     5.249e-01   -1.217e-02
    4    6.601e+00     5.301e-01     5.205e-01   -9.597e-03
    5    7.999e+00     5.174e-01     5.151e-01   -2.280e-03
    6    9.397e+00     4.887e-01     5.087e-01    1.999e-02
    7    1.080e+01     5.094e-01     5.014e-01   -8.028e-03
    8    1.219e+01     4.994e-01     4.932e-01   -6.239e-03
    9    1.359e+01     4.849e-01     4.841e-01   -7.513e-04
   10    1.499e+01     4.730e-01     4.743e-01    1.271e-03
   11    1.639e+01     4.583e-01     4.637e-01    5.366e-03
   12    1.778e+01     4.494e-01     4.525e-01    3.063e-03
   13    1.918e+01     4.356e-01     4.406e-01    5.034e-03
   14    2.058e+01     4.201e-01     4.282e-01    8.104e-03
   15    2.198e+01     4.085e-01     4.153e-01    6.858e-03
   16    2.338e+01     3.939e-01     4.020e-01    8.094e-03
   17    2.477e+01     3.808e-01     3.884e-01    7.596e-03
   18    2.617e+01     3.670e-01     3.744e-01    7.363e-03
   19    2.757e+01     3.543e-01     3.602e-01    5.946e-03
   20    2.897e+01     3.407e-01     3.459e-01    5.203e-03
   21    3.037e+01     3.273e-01     3.315e-01    4.196e-03
   22    3.176e+01     3.150e-01     3.170e-01    1.958e-03
   23    3.316e+01     3.007e-01     3.026e-01    1.821e-03
   24    3.456e+01     2.873e-01     2.882e-01    8.728e-04
   25    3.596e+01     2.746e-01     2.740e-01   -6.629e-04
   26    3.735e+01     2.618e-01     2.599e-01   -1.871e-03
   27    3.875e+01     2.491e-01     2.461e-01   -3.054e-03
   28    4.015e+01     2.377e-01     2.325e-01   -5.147e-03
   29    4.155e+01     2.252e-01     2.193e-01   -5.886e-03
   30    4.295e+01     2.138e-01     2.064e-01   -7.408e-03
   31    4.435e+01     2.021e-01     1.938e-01   -8.281e-03
   32    4.574e+01     1.909e-01     1.817e-01   -9.214e-03

============================================================


32 points for Integral 4,  Integral Region from 0.762 to 0.686 ppm

Converged after 46 iterations!

Results     Comp. 1    

I[0]           =   9.662e-01  
Diff Con.      =   1.080e-10 m2/s
Gamma          =   4.258e+03 Hz/G
Little Delta   =      2.000m
Big Delta      =    149.900m

RSS   =    8.277e-03
SD    =    1.608e-02

Point     Gradient       Expt          Calc       Difference

    1    2.408e+00     9.970e-01     9.637e-01   -3.336e-02
    2    3.805e+00     9.675e-01     9.598e-01   -7.700e-03
    3    5.203e+00     9.811e-01     9.542e-01   -2.685e-02
    4    6.601e+00     9.677e-01     9.470e-01   -2.071e-02
    5    7.999e+00     9.454e-01     9.381e-01   -7.270e-03
    6    9.397e+00     8.819e-01     9.277e-01    4.576e-02
    7    1.080e+01     9.323e-01     9.157e-01   -1.661e-02
    8    1.219e+01     9.174e-01     9.022e-01   -1.520e-02
    9    1.359e+01     8.890e-01     8.873e-01   -1.665e-03
   10    1.499e+01     8.705e-01     8.711e-01    6.161e-04
   11    1.639e+01     8.412e-01     8.537e-01    1.243e-02
   12    1.778e+01     8.302e-01     8.351e-01    4.869e-03
   13    1.918e+01     8.033e-01     8.154e-01    1.204e-02
   14    2.058e+01     7.769e-01     7.947e-01    1.779e-02
   15    2.198e+01     7.582e-01     7.732e-01    1.503e-02
   16    2.338e+01     7.340e-01     7.509e-01    1.694e-02
   17    2.477e+01     7.119e-01     7.280e-01    1.611e-02
   18    2.617e+01     6.900e-01     7.044e-01    1.441e-02
   19    2.757e+01     6.677e-01     6.804e-01    1.277e-02
   20    2.897e+01     6.449e-01     6.561e-01    1.113e-02
   21    3.037e+01     6.227e-01     6.314e-01    8.756e-03
   22    3.176e+01     5.995e-01     6.067e-01    7.141e-03
   23    3.316e+01     5.771e-01     5.818e-01    4.652e-03
   24    3.456e+01     5.549e-01     5.569e-01    1.962e-03
   25    3.596e+01     5.333e-01     5.321e-01   -1.146e-03
   26    3.735e+01     5.113e-01     5.076e-01   -3.692e-03
   27    3.875e+01     4.899e-01     4.833e-01   -6.620e-03
   28    4.015e+01     4.683e-01     4.593e-01   -9.067e-03
   29    4.155e+01     4.474e-01     4.357e-01   -1.166e-02
   30    4.295e+01     4.270e-01     4.126e-01   -1.445e-02
   31    4.435e+01     4.081e-01     3.900e-01   -1.813e-02
   32    4.574e+01     3.886e-01     3.680e-01   -2.057e-02

============================================================


32 points for Integral 5,  Integral Region from 0.681 to 0.578 ppm

Converged after 48 iterations!

Results     Comp. 1    

I[0]           =   9.700e-01  
Diff Con.      =   1.172e-10 m2/s
Gamma          =   4.258e+03 Hz/G
Little Delta   =      2.000m
Big Delta      =    149.900m

RSS   =    9.227e-03
SD    =    1.698e-02

Point     Gradient       Expt          Calc       Difference

    1    2.408e+00     1.000e+00     9.672e-01   -3.277e-02
    2    3.805e+00     9.642e-01     9.630e-01   -1.182e-03
    3    5.203e+00     9.826e-01     9.570e-01   -2.563e-02
    4    6.601e+00     9.700e-01     9.491e-01   -2.087e-02
    5    7.999e+00     9.456e-01     9.394e-01   -6.169e-03
    6    9.397e+00     8.634e-01     9.281e-01    6.470e-02
    7    1.080e+01     9.378e-01     9.150e-01   -2.278e-02
    8    1.219e+01     9.165e-01     9.004e-01   -1.605e-02
    9    1.359e+01     8.871e-01     8.843e-01   -2.804e-03
   10    1.499e+01     8.664e-01     8.668e-01    3.577e-04
   11    1.639e+01     8.354e-01     8.480e-01    1.259e-02
   12    1.778e+01     8.257e-01     8.279e-01    2.246e-03
   13    1.918e+01     7.993e-01     8.068e-01    7.499e-03
   14    2.058e+01     7.690e-01     7.846e-01    1.564e-02
   15    2.198e+01     7.502e-01     7.616e-01    1.138e-02
   16    2.338e+01     7.245e-01     7.378e-01    1.325e-02
   17    2.477e+01     7.011e-01     7.133e-01    1.226e-02
   18    2.617e+01     6.756e-01     6.883e-01    1.271e-02
   19    2.757e+01     6.530e-01     6.629e-01    9.919e-03
   20    2.897e+01     6.290e-01     6.372e-01    8.192e-03
   21    3.037e+01     6.043e-01     6.112e-01    6.961e-03
   22    3.176e+01     5.811e-01     5.852e-01    4.116e-03
   23    3.316e+01     5.566e-01     5.592e-01    2.612e-03
   24    3.456e+01     5.317e-01     5.333e-01    1.613e-03
   25    3.596e+01     5.096e-01     5.076e-01   -1.964e-03
   26    3.735e+01     4.856e-01     4.822e-01   -3.405e-03
   27    3.875e+01     4.637e-01     4.572e-01   -6.490e-03
   28    4.015e+01     4.413e-01     4.326e-01   -8.690e-03
   29    4.155e+01     4.183e-01     4.086e-01   -9.730e-03
   30    4.295e+01     3.972e-01     3.851e-01   -1.216e-02
   31    4.435e+01     3.744e-01     3.623e-01   -1.212e-02
   32    4.574e+01     3.545e-01     3.401e-01   -1.435e-02

============================================================


32 points for Integral 6,  Integral Region from 0.578 to 0.504 ppm

Converged after 50 iterations!

Results     Comp. 1    

I[0]           =   5.575e-01  
Diff Con.      =   1.146e-10 m2/s
Gamma          =   4.258e+03 Hz/G
Little Delta   =      2.000m
Big Delta      =    149.900m

RSS   =    3.689e-03
SD    =    1.074e-02

Point     Gradient       Expt          Calc       Difference

    1    2.408e+00     5.731e-01     5.559e-01   -1.723e-02
    2    3.805e+00     5.484e-01     5.536e-01    5.167e-03
    3    5.203e+00     5.645e-01     5.501e-01   -1.438e-02
    4    6.601e+00     5.567e-01     5.457e-01   -1.102e-02
    5    7.999e+00     5.464e-01     5.403e-01   -6.061e-03
    6    9.397e+00     4.887e-01     5.339e-01    4.523e-02
    7    1.080e+01     5.399e-01     5.266e-01   -1.334e-02
    8    1.219e+01     5.332e-01     5.183e-01   -1.486e-02
    9    1.359e+01     5.129e-01     5.093e-01   -3.633e-03
   10    1.499e+01     5.020e-01     4.994e-01   -2.590e-03
   11    1.639e+01     4.827e-01     4.888e-01    6.098e-03
   12    1.778e+01     4.788e-01     4.775e-01   -1.314e-03
   13    1.918e+01     4.620e-01     4.656e-01    3.592e-03
   14    2.058e+01     4.440e-01     4.531e-01    9.020e-03
   15    2.198e+01     4.337e-01     4.400e-01    6.381e-03
   16    2.338e+01     4.189e-01     4.266e-01    7.682e-03
   17    2.477e+01     4.058e-01     4.128e-01    6.945e-03
   18    2.617e+01     3.928e-01     3.986e-01    5.797e-03
   19    2.757e+01     3.788e-01     3.842e-01    5.409e-03
   20    2.897e+01     3.653e-01     3.696e-01    4.293e-03
   21    3.037e+01     3.511e-01     3.549e-01    3.837e-03
   22    3.176e+01     3.388e-01     3.401e-01    1.329e-03
   23    3.316e+01     3.240e-01     3.253e-01    1.351e-03
   24    3.456e+01     3.107e-01     3.106e-01   -5.907e-05
   25    3.596e+01     2.987e-01     2.960e-01   -2.717e-03
   26    3.735e+01     2.827e-01     2.815e-01   -1.178e-03
   27    3.875e+01     2.702e-01     2.672e-01   -2.975e-03
   28    4.015e+01     2.563e-01     2.531e-01   -3.181e-03
   29    4.155e+01     2.440e-01     2.394e-01   -4.687e-03
   30    4.295e+01     2.309e-01     2.259e-01   -5.016e-03
   31    4.435e+01     2.194e-01     2.128e-01   -6.631e-03
   32    4.574e+01     2.061e-01     2.001e-01   -6.076e-03

============================================================


31 points for Integral 7,  Integral Region from 0.504 to 0.430 ppm

Converged after 49 iterations!

Results     Comp. 1    

I[0]           =   2.647e-01  
Diff Con.      =   1.179e-10 m2/s
Gamma          =   4.258e+03 Hz/G
Little Delta   =      2.000m
Big Delta      =    149.900m

RSS   =    1.043e-03
SD    =    5.801e-03

Point     Gradient       Expt          Calc       Difference

    1    2.408e+00     2.718e-01     2.639e-01   -7.858e-03
    2    3.805e+00     2.508e-01     2.628e-01    1.196e-02
    3    5.203e+00     2.691e-01     2.611e-01   -7.990e-03
    4    6.601e+00     2.645e-01     2.590e-01   -5.511e-03
    5    7.999e+00     2.586e-01     2.563e-01   -2.257e-03
    6    1.080e+01     2.609e-01     2.496e-01   -1.131e-02
    7    1.219e+01     2.560e-01     2.456e-01   -1.038e-02
    8    1.359e+01     2.422e-01     2.412e-01   -1.045e-03
    9    1.499e+01     2.368e-01     2.364e-01   -3.808e-04
   10    1.639e+01     2.232e-01     2.312e-01    8.059e-03
   11    1.778e+01     2.254e-01     2.257e-01    3.175e-04
   12    1.918e+01     2.162e-01     2.199e-01    3.769e-03
   13    2.058e+01     2.056e-01     2.139e-01    8.219e-03
   14    2.198e+01     2.020e-01     2.075e-01    5.524e-03
   15    2.338e+01     1.950e-01     2.010e-01    6.037e-03
   16    2.477e+01     1.884e-01     1.943e-01    5.936e-03
   17    2.617e+01     1.818e-01     1.875e-01    5.687e-03
   18    2.757e+01     1.743e-01     1.805e-01    6.153e-03
   19    2.897e+01     1.687e-01     1.735e-01    4.794e-03
   20    3.037e+01     1.629e-01     1.664e-01    3.412e-03
   21    3.176e+01     1.582e-01     1.592e-01    1.009e-03
   22    3.316e+01     1.509e-01     1.521e-01    1.177e-03
   23    3.456e+01     1.448e-01     1.450e-01    2.672e-04
   24    3.596e+01     1.385e-01     1.380e-01   -5.255e-04
   25    3.735e+01     1.326e-01     1.311e-01   -1.486e-03
   26    3.875e+01     1.275e-01     1.242e-01   -3.250e-03
   27    4.015e+01     1.214e-01     1.175e-01   -3.928e-03
   28    4.155e+01     1.150e-01     1.109e-01   -4.087e-03
   29    4.295e+01     1.088e-01     1.045e-01   -4.285e-03
   30    4.435e+01     1.045e-01     9.830e-02   -6.209e-03
   31    4.574e+01     9.888e-02     9.226e-02   -6.623e-03

============================================================


32 points for Integral 8,  Integral Region from 0.395 to 0.299 ppm

Converged after 49 iterations!

Results     Comp. 1    

I[0]           =   3.656e-01  
Diff Con.      =   1.171e-10 m2/s
Gamma          =   4.258e+03 Hz/G
Little Delta   =      2.000m
Big Delta      =    149.900m

RSS   =    5.300e-03
SD    =    1.287e-02

Point     Gradient       Expt          Calc       Difference

    1    2.408e+00     3.804e-01     3.645e-01   -1.584e-02
    2    3.805e+00     3.518e-01     3.630e-01    1.115e-02
    3    5.203e+00     3.736e-01     3.607e-01   -1.288e-02
    4    6.601e+00     3.675e-01     3.577e-01   -9.786e-03
    5    7.999e+00     3.636e-01     3.541e-01   -9.543e-03
    6    9.397e+00     2.909e-01     3.498e-01    5.885e-02
    7    1.080e+01     3.642e-01     3.449e-01   -1.935e-02
    8    1.219e+01     3.572e-01     3.394e-01   -1.784e-02
    9    1.359e+01     3.389e-01     3.333e-01   -5.538e-03
   10    1.499e+01     3.319e-01     3.267e-01   -5.157e-03
   11    1.639e+01     3.135e-01     3.196e-01    6.142e-03
   12    1.778e+01     3.152e-01     3.121e-01   -3.164e-03
   13    1.918e+01     3.023e-01     3.041e-01    1.841e-03
   14    2.058e+01     2.886e-01     2.958e-01    7.160e-03
   15    2.198e+01     2.836e-01     2.871e-01    3.444e-03
   16    2.338e+01     2.724e-01     2.781e-01    5.699e-03
   17    2.477e+01     2.639e-01     2.689e-01    4.972e-03
   18    2.617e+01     2.555e-01     2.595e-01    4.016e-03
   19    2.757e+01     2.449e-01     2.499e-01    5.028e-03
   20    2.897e+01     2.350e-01     2.402e-01    5.201e-03
   21    3.037e+01     2.265e-01     2.305e-01    3.941e-03
   22    3.176e+01     2.190e-01     2.207e-01    1.633e-03
   23    3.316e+01     2.100e-01     2.109e-01    8.279e-04
   24    3.456e+01     2.003e-01     2.011e-01    8.438e-04
   25    3.596e+01     1.920e-01     1.914e-01   -5.997e-04
   26    3.735e+01     1.834e-01     1.819e-01   -1.550e-03
   27    3.875e+01     1.744e-01     1.724e-01   -2.021e-03
   28    4.015e+01     1.665e-01     1.632e-01   -3.325e-03
   29    4.155e+01     1.578e-01     1.541e-01   -3.708e-03
   30    4.295e+01     1.497e-01     1.452e-01   -4.472e-03
   31    4.435e+01     1.414e-01     1.366e-01   -4.710e-03
   32    4.574e+01     1.334e-01     1.283e-01   -5.057e-03

============================================================


31 points for Integral 9,  Integral Region from 0.298 to 0.213 ppm

Converged after 58 iterations!

Results     Comp. 1    

I[0]           =   1.091e-01  
Diff Con.      =   1.248e-10 m2/s
Gamma          =   4.258e+03 Hz/G
Little Delta   =      2.000m
Big Delta      =    149.900m

RSS   =    8.815e-04
SD    =    5.332e-03

Point     Gradient       Expt          Calc       Difference

    1    2.408e+00     1.119e-01     1.088e-01   -3.127e-03
    2    3.805e+00     9.064e-02     1.083e-01    1.762e-02
    3    5.203e+00     1.104e-01     1.075e-01   -2.837e-03
    4    6.601e+00     1.091e-01     1.066e-01   -2.540e-03
    5    7.999e+00     1.090e-01     1.054e-01   -3.523e-03
    6    1.080e+01     1.136e-01     1.025e-01   -1.104e-02
    7    1.219e+01     1.130e-01     1.008e-01   -1.219e-02
    8    1.359e+01     1.017e-01     9.887e-02   -2.814e-03
    9    1.499e+01     9.964e-02     9.679e-02   -2.858e-03
   10    1.639e+01     8.864e-02     9.455e-02    5.915e-03
   11    1.778e+01     9.488e-02     9.217e-02   -2.710e-03
   12    1.918e+01     8.883e-02     8.967e-02    8.379e-04
   13    2.058e+01     8.042e-02     8.705e-02    6.637e-03
   14    2.198e+01     8.161e-02     8.434e-02    2.726e-03
   15    2.338e+01     7.695e-02     8.153e-02    4.584e-03
   16    2.477e+01     7.480e-02     7.866e-02    3.862e-03
   17    2.617e+01     7.079e-02     7.573e-02    4.938e-03
   18    2.757e+01     6.866e-02     7.276e-02    4.098e-03
   19    2.897e+01     6.691e-02     6.976e-02    2.845e-03
   20    3.037e+01     6.310e-02     6.674e-02    3.640e-03
   21    3.176e+01     6.343e-02     6.372e-02    2.921e-04
   22    3.316e+01     5.960e-02     6.071e-02    1.116e-03
   23    3.456e+01     5.713e-02     5.773e-02    5.918e-04
   24    3.596e+01     5.604e-02     5.477e-02   -1.270e-03
   25    3.735e+01     5.284e-02     5.186e-02   -9.841e-04
   26    3.875e+01     5.027e-02     4.900e-02   -1.272e-03
   27    4.015e+01     4.932e-02     4.620e-02   -3.118e-03
   28    4.155e+01     4.660e-02     4.347e-02   -3.131e-03
   29    4.295e+01     4.279e-02     4.082e-02   -1.974e-03
   30    4.435e+01     4.147e-02     3.825e-02   -3.223e-03
   31    4.574e+01     3.968e-02     3.577e-02   -3.911e-03

============================================================


31 points for Integral 10,  Integral Region from 0.172 to 0.120 ppm

Converged after 60 iterations!

Results     Comp. 1    

I[0]           =   6.187e-02  
Diff Con.      =   1.403e-10 m2/s
Gamma          =   4.258e+03 Hz/G
Little Delta   =      2.000m
Big Delta      =    149.900m

RSS   =    3.301e-04
SD    =    3.263e-03

Point     Gradient       Expt          Calc       Difference

    1    2.408e+00     6.476e-02     6.166e-02   -3.097e-03
    2    3.805e+00     5.139e-02     6.134e-02    9.952e-03
    3    5.203e+00     6.285e-02     6.088e-02   -1.968e-03
    4    6.601e+00     6.240e-02     6.028e-02   -2.118e-03
    5    7.999e+00     6.261e-02     5.954e-02   -3.065e-03
    6    1.080e+01     6.450e-02     5.770e-02   -6.797e-03
    7    1.219e+01     6.349e-02     5.660e-02   -6.895e-03
    8    1.359e+01     5.657e-02     5.539e-02   -1.185e-03
    9    1.499e+01     5.471e-02     5.408e-02   -6.370e-04
   10    1.639e+01     4.852e-02     5.267e-02    4.148e-03
   11    1.778e+01     5.151e-02     5.119e-02   -3.189e-04
   12    1.918e+01     4.763e-02     4.962e-02    1.992e-03
   13    2.058e+01     4.504e-02     4.800e-02    2.953e-03
   14    2.198e+01     4.442e-02     4.632e-02    1.896e-03
   15    2.338e+01     4.164e-02     4.459e-02    2.951e-03
   16    2.477e+01     3.951e-02     4.282e-02    3.319e-03
   17    2.617e+01     3.801e-02     4.103e-02    3.028e-03
   18    2.757e+01     3.679e-02     3.923e-02    2.441e-03
   19    2.897e+01     3.493e-02     3.741e-02    2.477e-03
   20    3.037e+01     3.391e-02     3.560e-02    1.684e-03
   21    3.176e+01     3.295e-02     3.379e-02    8.383e-04
   22    3.316e+01     3.177e-02     3.200e-02    2.345e-04
   23    3.456e+01     3.112e-02     3.024e-02   -8.850e-04
   24    3.596e+01     2.855e-02     2.850e-02   -5.447e-05
   25    3.735e+01     2.877e-02     2.680e-02   -1.964e-03
   26    3.875e+01     2.596e-02     2.515e-02   -8.153e-04
   27    4.015e+01     2.521e-02     2.354e-02   -1.678e-03
   28    4.155e+01     2.440e-02     2.198e-02   -2.425e-03
   29    4.295e+01     2.187e-02     2.048e-02   -1.398e-03
   30    4.435e+01     2.194e-02     1.903e-02   -2.914e-03
   31    4.574e+01     2.001e-02     1.765e-02   -2.362e-03

============================================================

