 200 V -107.455  132.268   15.474    6.837    2.224 0.806 25  9 Strong
 201 T -130.725  153.687   12.369   13.825    1.933 0.839 25  9 Strong
 202 G -101.712  153.320   31.610   19.789    2.128 0.842 10  9 Generous
 203 I -128.076  157.622   10.998    8.793    1.503 0.846 25  9 Strong
 204 R  -69.016  135.729    9.600   10.463    1.908 0.713 25  8 Strong
 205 G  -91.069 -177.021   14.007   18.004    3.344 0.603  3  8 Warn
 206 S  -58.967  132.420    5.232    4.961    1.830 0.460  7  7 Dyn
 207 G   85.478    2.577    7.862    9.964    1.886 0.462 25  8 Dyn
 208 S  -81.487  148.789   15.242   15.773    2.193 0.482  8  9 Dyn
 209 T  -92.485  127.866   22.348   16.242    2.095 0.601 25 11 Strong
 210 P  -69.393  152.156    7.786    8.782    2.212 0.635 25 12 Strong
 211 D  -75.245  130.146   22.769   24.259    2.095 0.688 25 11 Strong
 212 P  -63.750  150.637    6.235    6.389    1.595 0.686 25 11 Strong
 213 D  -64.236  135.955   17.350   14.261    1.903 0.717 25 10 Strong
 214 P  -65.099  146.985    7.168    8.411    1.518 0.705 25 11 Strong
 215 T -103.277  141.880   27.077   16.314    1.832 0.707 25 10 Strong
 216 P  -65.787  147.230    6.722   10.499    1.528 0.689 25 11 Strong
 217 T -100.725  138.875   18.939   16.434    1.894 0.643 25 11 Strong
 218 P  -65.896  144.263    7.788    9.770    2.053 0.641 25 12 Strong
 219 T  -78.879  126.103   15.980   41.968    3.071 0.642  5 12 Warn
 220 D  -78.659  136.138   19.443   11.242    3.219 0.683 25 12 Strong
 221 P  -66.399  146.260   10.113   13.919    3.300 0.667  4 12 Warn
 222 T  -80.155  131.128   21.041   16.131    2.911 0.680  7 12 Warn
 223 T -100.793  137.992   19.062   11.989    2.127 0.709 25 11 Strong
 224 P  -62.453  147.844    6.290   11.637    1.801 0.731 25 10 Strong
 225 P  -66.123  148.166    7.087    9.498    1.967 0.623 10 10 Generous
 226 T -106.101  140.697   18.277   13.425    2.879 0.522 25 11 Dyn
 227 H  -96.061  138.409   20.413   21.738    4.754 0.440  9 12 Dyn
 228 T  -95.644  143.119   42.540   20.235    4.301 0.425  9 11 Dyn
 229 G  104.913 -105.921   19.937   83.276    2.434 0.505  5 10 Dyn
 230 S  -72.690  147.877   16.195    7.489    1.579 0.643 25  9 Strong
 231 C  -97.164  134.310   15.440   12.513    1.284 0.832 25  6 Strong