8 N 1.0249278043224512 0.12329150323956149
9 N 0.8512673894913241 0.024057367499049503
11 N 0.8729841858302384 0.06246754299197769
15 N 0.8355527380230273 0.04307115884944899
16 N 0.9189647254770291 0.04237517641574103
17 N 0.7941387763873651 0.053351637264288196
18 N 0.8493829896590237 0.029219168159250263
20 N 0.4915261606461123 0.02188073602504125
21 N 0.6226316324104596 0.028262657501526376
22 N 0.6095239577928374 0.01691205408513652
23 N 0.6328996013156349 0.02167109489350305
24 N 0.5471017842595919 0.012630793051838908
25 N 0.6628049964662508 0.012725253550020047
26 N 0.747750617626182 0.035950512978374254
31 N 0.6919451097943558 0.021185480399765293
32 N 0.8296110695385143 0.0314890096864166
33 N 0.8520238675284669 0.035227721324790746
34 N 0.8314735373077994 0.025041971621998838
36 N 0.8276476266269703 0.03203118491579472
38 N 0.2527335821116243 0.05999310026220236
39 N 0.8775237751945913 0.04076117603832757
40 N 0.8190099803644676 0.03517321686728733
41 N 0.8300292585723544 0.028701423472146385
42 N 0.7907370496753519 0.02432270952298368
43 N 0.778873981793195 0.026476535685046588
44 N 0.8610011127826319 0.03541440800803913
45 N 0.8992011254578558 0.04365098634930659
46 N 0.8969410827482533 0.0404666497410279
47 N 0.9400430670711856 0.0494864738860724
54 N 0.7758374360524388 0.03419229627408812
55 N 0.8923355593371518 0.037504625677956684
56 N 0.8066392419174926 0.061724971543872784
57 N 0.835847736140954 0.05479646060340638
58 N 0.851708068560846 0.03937153867683529
59 N 0.8940512525367109 0.044244096175973795
60 N 0.8497841442066054 0.03163515711909336
61 N 0.8113465169293025 0.0501503644053996
62 N 0.8335452363012341 0.04013230811859907
63 N 0.9389048727628516 0.051777091512201945
65 N 0.821327076368341 0.014146311223274944
66 N 0.7811667516123133 0.06123720274657367
67 N 0.9641919705076366 0.05276257951178021
68 N 0.8805164997538363 0.054153982179717286
69 N 0.811748276847027 0.0333573147818577
70 N 0.8832084520420304 0.038200297139395434
71 N 0.9497387764380578 0.05548486748692412
72 N 0.8575943036890221 0.02549678037288855
73 N 0.8102364999824974 0.05932670874208228
74 N 0.8507729619418115 0.04266913038585355
75 N 0.7646859638568962 0.04874177753144995
77 N 0.25933088970062845 0.03229010750618818
78 N 0.7481772210989466 0.024606585821805402
79 N 0.7622806481643563 0.06923869335811171
80 N 0.7757739786258727 0.04116005787815742
82 N 0.8292830092716851 0.02305581260889084
83 N 0.8740436000200488 0.03335807346619868
84 N 0.8504396353805753 0.027098210244232812
85 N 0.862552105534781 0.03321227783485761
86 N 0.8499933207770521 0.029616377118222022
87 N 0.8031147831181116 0.0316478552223763
88 N 0.8268089171295746 0.024896329072025478
89 N 0.7677279573882466 0.023832359211357363
92 N 0.8117290103995297 0.0652270393155556
93 N 0.8329102648282852 0.04575790884241284
94 N 0.7827952849814759 0.037489835173407
95 N 0.8210440622724399 0.033077067705519325
96 N 0.8281905454975705 0.04335450439638339
97 N 0.733699228089974 0.038024620616227495
98 N 0.8315574111218699 0.0209606032479841
99 N 0.8043153361382638 0.027834257375039115
100 N 0.845559201961444 0.041181262096697716
102 N 0.6375814723600456 0.030767002703455316
103 N 0.8009164461011603 0.03623375864152593
104 N 0.8164744041490715 0.0582358886123691
105 N 0.8455247825697497 0.05603181468857397
106 N 0.7876370315126687 0.06022547445386542
107 N 0.9079403452968059 0.048135809064277106
109 N 0.30068791481629764 0.08803597833865084
110 N 0.7328420457398535 0.027611078893349406
112 N 0.805648368354489 0.03917990960333135
113 N 0.7839439337368526 0.03911133839251405
114 N 0.9239276776840873 0.053861227135594644
115 N 0.8439611463682022 0.047013009483220056
116 N 0.9173947726599273 0.04469134391412113
117 N 1.0723218228769806 0.06768943032854181
118 N 0.6951444942970841 0.0370430884157991
119 N 0.7435439391677627 0.03310986012942611
122 N 0.7850859222629373 0.04783169633095329
123 N 0.8468971223475337 0.02394073133954408
124 N 0.7322268745630506 0.024056388753285106
126 N 0.8614566829546911 0.02975322609760172
127 N 0.8270522191615147 0.026473052371647012
128 N 0.7494206224502331 0.020914613293993557
129 N 0.7652302966974984 0.03738383438474044
130 N 0.8618026410221773 0.04877608342684731
131 N 0.7753205735018732 0.033692625988938095
132 N 0.7757402250886161 0.02564569342492458
133 N 0.7327983951855567 0.02834526304995296
134 N 0.8811694779470028 0.03376824854194165
135 N 0.7661971085987348 0.0379364780208075
136 N 0.8129245903249468 0.037318994679103615
137 N 0.9920794456859994 0.08536389450929459
138 N 0.8607114096592587 0.031531227723183876
139 N 0.3643538769654593 0.010570398244249761
140 N 0.8994902709069528 0.05196475582359132
141 N 0.8426185454979225 0.03454633046578259
142 N 0.8546416406066115 0.0574137507660511
145 N 0.806313272294659 0.026706282573967927
146 N 0.8288828582851943 0.037106368070588036
147 N 0.7460909366073669 0.027981052295598934
151 N 0.7584228112441531 0.03786363271393687
152 N 0.7315242962712692 0.031872651370091445
153 N 0.823153810643089 0.04789545039350952
154 N 0.7625367880875423 0.03605063830120227
155 N 0.8390090618705758 0.02740074341746603
156 N 0.9546129995759993 0.10796101261578775
157 N 0.8928220918969019 0.04447642900570647
158 N 0.7781847394489183 0.031465513504698894
159 N 0.8451065279485399 0.03088302290634494
160 N 0.7640914702939132 0.049766506939047446
161 N 0.728842988577201 0.03295059842578812
162 N 0.9119248973624827 0.04194097414754967
164 N 0.8090108646041371 0.026477099219719597
165 N 0.8026486535149856 0.03080043637922853
166 N 0.8140018855531691 0.031772574274459627
167 N 0.8423523106359663 0.033052873223377924
168 N 0.772999788319698 0.028951022328133784
169 N 0.7583604943875535 0.021240379276437803
170 N 0.697997353989288 0.12735874451623597
171 N 0.8737327621447181 0.05183002537741719
172 N 0.8544527490104468 0.05220629511788433
173 N 0.9133750205857841 0.06937004712957748
174 N 0.9061483157780414 0.04731118203601774
187 N 0.7906161514126726 0.05527082735474917
188 N 0.7074453461433475 0.04989650354229088
189 N 0.8584225023595204 0.04913582564254073
190 N 0.8371077332226101 0.04890711055507165
191 N 0.8750244917826401 0.04304166045105172
192 N 0.9563957913068845 0.05357012301102066
193 N 0.9225906451177364 0.039946467389007305
194 N 0.7769084875034584 0.02555041604676439
195 N 0.8496524342277154 0.04245072848161082
196 N 0.767529443455873 0.024887271427904308
197 N 0.8517760472161755 0.03707836500300967
198 N 0.823848985551847 0.037500826886355976
199 N 0.9017865126587592 0.030336599404710743
200 N 0.8539952115184746 0.029255387431102477
201 N 0.8108221688595485 0.04304914341250593
202 N 0.8959974810244874 0.055561051715050325
203 N 0.7996031268288143 0.02646292359692711
204 N 0.9448155279586151 0.05601329637767278
205 N 0.8313372720541207 0.03817978985184223
206 N 0.5011636840929702 0.007254558852618461
207 N 0.3912104124288836 0.005818887198364057
208 N 0.22836714050575554 0.003787252614591608
209 N 0.22010864183389414 0.05312389909654408
211 N 0.12259386831738635 0.004139446420423803
213 N 0.021124774660938296 0.0036980156770086486
215 N 0.24456798414877134 0.0064323116147429445
217 N 0.12235800236210768 0.003917002178143695
219 N 0.21258366618133487 0.004823239300237977
220 N 0.21498322169606485 0.005064486964644842
222 N 0.2000158889031711 0.0044075159156851725
223 N 0.3588640519420519 0.003687149555670447
226 N 0.06170079517156587 0.004875680868220692
227 N 0.37583213200151866 0.00896564925301768
228 N 0.4746515106645759 0.005433913499417905
229 N 0.47909391724714273 0.008354739097245694
230 N 0.5598058588280717 0.011513641955309314
231 N 0.6536910652635125 0.0315805477480277
233 N 0.7498651482643893 0.02480374922506521
234 N 0.7972380922003147 0.03736636746684061
235 N 0.7783829019094886 0.056702415320761944
236 N 0.94828419135609 0.04202677568101256
237 N 0.7361719999504878 0.027980132977130485
238 N 0.803451234517868 0.05726591718566631
239 N 0.7639485816027354 0.02681385028047892
240 N 0.7531442259374206 0.02073311354981792
241 N 0.7728481356583411 0.02699583334200263
242 N 0.7251911058281724 0.0400332837921415
243 N 0.7389728282798302 0.04155370844594827
244 N 0.6263081583860031 0.014679325062780621
245 N 0.7315797949512464 0.024904608608257453
246 N 0.8284283307684652 0.052854888860277276
247 N 0.7750315181270416 0.040939234881218575
248 N 0.820413107746148 0.031249587821736903
249 N 0.8339381112024582 0.03988880077054116
250 N 0.9023683328766335 0.04980136952321079
251 N 0.9192487335369919 0.07084959754907594
252 N 0.7750216205915248 0.03775443433331043
253 N 0.9450916665966997 0.056158220547898416
254 N 0.7569174178609038 0.03946562423859278
255 N 0.6290363879484481 0.02405691738636582
256 N 0.7091602898399264 0.028765827548070357
257 N 0.324814359937432 0.05120128395731093
259 N 0.6923962171062455 0.04139247954038138
260 N 0.7550984327529765 0.02969361815091715
261 N 0.6067520268397545 0.029080133995364625
262 N 0.8059754841773599 0.03493537666166289
263 N 0.7958017221900475 0.03421661752306975
264 N 0.77307927177385 0.0649649489797866
265 N 0.8602768834291777 0.03893252844416051
266 N 0.8221049814224177 0.03797666492114713
267 N 0.7577044533972928 0.04589308440787008
269 N 0.8090918540618223 0.05861051713028563
270 N 0.7242002311374898 0.04004600931377736
271 N 0.8086464353239478 0.04241428036921278
272 N 0.7960711744515953 0.030933712568378142
273 N 0.8485354635467068 0.039397216549787666
274 N 0.9389194671364747 0.04168236658364434
275 N 0.6843017073420049 0.03742981000318737
276 N 0.11271661123612642 0.007958582698387074
277 N 0.3643538769654593 0.010570398244249761
278 N 0.7830054574728362 0.02239047463434839
279 N 0.857107022461629 0.05466538472036783
280 N 0.8085345586418728 0.03905254977175227
281 N 0.7799174355990998 0.03898590203210942
282 N 0.8644548799617687 0.051388919604138744
283 N 0.8843826964710656 0.04189653016193904
284 N 0.7428271923689813 0.020113004908677436
285 N 0.6705875070532133 0.024087099584678435
286 N 0.6693962044091202 0.028049659332792968
287 N 0.6766594678243565 0.015465671520973136
288 N 0.7180242417444463 0.021552720392441764
289 N 0.7097015669266286 0.02290533338382757
290 N 0.8598332520931138 0.052332929489708725
291 N 0.7747879512407823 0.031511365011558726
292 N 0.8546680627665152 0.060063838751119134
293 N 0.7817368252262102 0.05035644093126926
294 N 0.8685198383697316 0.043860799488130466
295 N 0.8420659119769682 0.05217522740329382
296 N 0.7735221126698696 0.027087178270885744
297 N 0.8511656260206719 0.10592717763844241
298 N 0.8212847236964241 0.03213079288577383
299 N 0.7397399859591728 0.03438200145219885
300 N 0.7562348308335501 0.03428414339674149
301 N 0.7466447970120341 0.08319632820179934
304 N 0.6410367478643798 0.05355375572462547
305 N 0.8003348837153681 0.033418862845444146
306 N 0.7890540752500794 0.021536937905533075
307 N 0.7818786323924575 0.14056542123763885
308 N 0.8195263570388228 0.023910831116125013
309 N 0.8154784296026211 0.024565106236618683
310 N 0.977265470868032 0.05618856879198135
311 N 0.8409833930779651 0.03880617541049335
312 N 0.8109212512153479 0.045196020198980995
313 N 0.2940230757330476 0.030048351593675793
314 N 0.7651240063006858 0.01737736395112485
315 N 0.7518023952266846 0.03763910307239332
316 N 0.8948743257949916 0.08776193285208173
317 N 0.6611993492893984 0.038086010648117376
318 N 0.7551184978013247 0.026432287590120826
319 N 0.7579925978236913 0.031435459067736725
320 N 0.8206759468833236 0.03222863549194967
322 N 0.9098081529417048 0.05843683271234845
323 N 0.7883166256622698 0.025288361436594
324 N 0.5498527783532576 0.01476006128313762
325 N 0.6421950280174186 0.016256103581955266
326 N 0.7589740318852735 0.058672882433712985
327 N 0.7510563303878856 0.036090473863120996
